538,40,9,89,101,0,0,0,0,0,0,,0,,0,0,,,0,$0.00,3/6/2025 0:00:00,"0",0,0,,0,1,,"?",47,16,"000000","000000","000000",0,0,0,0,0,$0.00,0.00,0.00,0.00,0.00,0.00,0.00,0.00,0.00,0.00,,,"000000",0,0,,"Accepted",0,0,,,0
539,40,9,65,101,0,0,0,0,0,0,,0,,0,0,,,0,$0.00,3/6/2025 0:00:00,"0",0,0,,0,1,,"?",47,13,"000000","000000","000000",0,0,0,0,0,$0.00,0.00,0.00,0.00,0.00,0.00,0.00,0.00,0.00,0.00,,,"000000",0,0,,"Accepted",0,0,,,0
540,40,9,72,101,0,0,0,0,0,0,,0,,0,0,,,0,$0.00,3/6/2025 0:00:00,"0",0,0,,0,1,,"?",47,13,"000000","000000","000000",0,0,0,0,0,$0.00,0.00,0.00,0.00,0.00,0.00,0.00,0.00,0.00,0.00,,,"000000",0,0,,"Accepted",0,0,,,0
541,40,9,77,101,0,0,0,0,0,0,,0,,0,0,,,0,$0.00,3/6/2025 0:00:00,"0",0,0,,0,1,,"?",47,16,"000000","000000","000000",0,0,0,0,0,$0.00,0.00,0.00,0.00,0.00,0.00,0.00,0.00,0.00,0.00,,,"000000",0,0,,"Accepted",0,0,,,0
543,41,9,72,102,0,0,0,0,0,0,,0,,0,0,,,0,$26.00,3/18/2025 0:00:00,"0",0,0,,0,1,,"?",47,13,"000000","000000","000000",0,0,0,0,0,$26.00,0.00,0.00,0.00,0.00,0.00,0.00,0.00,0.00,0.00,,,"000000",0,0,,"Accepted",0,0,,,0
590,51,9,72,101,0,0,0,0,0,1,"Incorrect Call",0,,0,0,,"00:00.00",0,$0.00,3/31/2025 0:00:00,"NQ",9996,16,,0,1,,"?",19,13,"000000","000000","000000",0,0,0,0,0,$26.00,0.00,0.00,0.00,0.00,0.00,0.00,0.00,0.00,0.00,,"Sec't Contract","000000",0,0,,"Accepted",0,0,,,0
591,51,9,65,101,0,0,0,0,0,1,"Incorrect Call",0,,0,0,,"00:00.00",0,$0.00,3/31/2025 0:00:00,"NQ",9996,14,,0,1,,"?",19,13,"000000","000000","000000",0,0,0,0,0,$26.00,0.00,0.00,0.00,0.00,0.00,0.00,0.00,0.00,0.00,,"Sec't Contract","000000",0,0,,"Accepted",0,0,,,0
592,51,9,77,101,0,0,0,0,0,1,"Incorrect Call",0,,0,0,,"00:00.00",0,$0.00,3/31/2025 0:00:00,"NQ",9996,14,,0,1,,"?",19,16,"000000","000000","000000",0,0,0,0,0,$26.00,0.00,0.00,0.00,0.00,0.00,0.00,0.00,0.00,0.00,,"Sec't Contract","000000",0,0,,"Accepted",0,0,,,0
593,51,9,89,101,0,1,0,0,0,0,"",0,,0,0,,"00:19.12",19120,$0.00,3/31/2025 0:00:00,"3",3,11,,0,1,,"?",19,16,"001912","000000","000000",0,0,1,0,0,$26.00,0.00,0.00,0.00,0.00,0.00,0.00,0.00,0.00,0.00,,"Sec't Contract","000000",0,0,,"Accepted",0,0,,,0
595,53,9,67,102,0,0,0,0,0,1,"Incorrect Call",0,,0,0,,"00:00.00",0,$26.00,4/2/2025 0:00:00,"NQ",9996,12,"PP",0,1,,"?",61,13,"000000","000000","000000",0,0,0,0,0,$26.00,0.00,0.00,0.00,0.00,0.00,0.00,0.00,0.00,0.00,,"PP","000000",0,0,,"Accepted",0,0,,,0
596,53,9,68,102,0,0,0,0,0,1,"Significant Disruption of Search Area",0,,0,0,,"00:00.00",0,$26.00,4/2/2025 0:00:00,"NQ",9996,14,"PP",0,1,,"?",61,13,"000000","000000","000000",0,0,0,0,0,$26.00,0.00,0.00,0.00,0.00,0.00,0.00,0.00,0.00,0.00,,"PP","000000",0,0,,"Accepted",0,0,,,0
597,53,9,72,102,0,1,0,0,0,0,"",0,,0,0,,"01:04.84",64840,$26.00,4/2/2025 0:00:00,"6",6,16,"PP",0,1,,"?",61,13,"010484","000000","000000",0,0,1,0,0,$26.00,0.00,0.00,0.00,0.00,0.00,0.00,0.00,0.00,0.00,,"PP","000000",0,0,,"Accepted",0,0,,,0
598,53,9,73,102,0,0,0,0,0,1,"Max Time",0,,0,0,,"00:00.00",0,$26.00,4/2/2025 0:00:00,"NQ",9996,11,"PP",0,1,,"?",61,13,"000000","000000","000000",0,0,0,0,0,$26.00,0.00,0.00,0.00,0.00,0.00,0.00,0.00,0.00,0.00,,"PP","000000",0,0,,"Accepted",0,0,,,0
599,53,9,79,102,0,0,0,0,0,1,"Incorrect Call",0,,0,0,,"00:00.00",0,$26.00,4/2/2025 0:00:00,"NQ",9996,12,"PP",0,1,,"?",61,16,"000000","000000","000000",0,0,0,0,0,$26.00,0.00,0.00,0.00,0.00,0.00,0.00,0.00,0.00,0.00,,"PP","000000",0,0,,"Accepted",0,0,,,0
600,53,9,84,102,0,0,1,0,1,1,"Incorrect Call",0,,0,0,,"00:00.00",0,$26.00,4/2/2025 0:00:00,"NQ",9996,14,"PP",0,1,,"?",61,16,"000000","000000","000000",0,0,0,0,0,$26.00,0.00,0.00,0.00,0.00,0.00,0.00,0.00,0.00,0.00,,"PP","000000",0,0,,"Accepted",0,0,,,0
602,56,9,67,103,0,1,0,0,0,0,"",0,,0,0,,"00:36.40",36400,$26.00,4/2/2025 0:00:00,"1",1,12,"PP",0,1,,"?",13,13,"003640","000000","000000",0,0,1,0,0,$26.00,0.00,0.00,0.00,0.00,0.00,0.00,0.00,0.00,0.00,,"PP","000000",0,0,,"Accepted",0,0,,,0
605,56,9,71,103,0,1,0,0,0,0,"",0,,0,0,,"00:11.03",11030,$26.00,4/2/2025 0:00:00,"2",2,9,"PP",0,1,,"?",13,13,"001103","000000","000000",0,0,1,0,0,$26.00,0.00,0.00,0.00,0.00,0.00,0.00,0.00,0.00,0.00,,"PP","000000",0,0,,"Accepted",0,0,,,0
606,56,9,79,103,0,0,0,0,0,1,"Incorrect Call",0,,0,0,,"00:00.00",0,$26.00,4/2/2025 0:00:00,"NQ",9996,12,"PP",0,1,,"?",13,16,"000000","000000","000000",0,0,0,0,0,$26.00,0.00,0.00,0.00,0.00,0.00,0.00,0.00,0.00,0.00,,"PP","000000",0,0,,"Accepted",0,0,,,0
607,56,9,90,103,0,1,0,0,0,0,"",0,,0,0,,"00:28.53",28530,$26.00,4/2/2025 0:00:00,"5",5,14,"PP",0,1,,"?",13,16,"002853","000000","000000",0,0,1,0,0,$26.00,0.00,0.00,0.00,0.00,0.00,0.00,0.00,0.00,0.00,,"PP","000000",0,0,,"Accepted",0,0,,,0
609,55,9,67,104,0,1,0,0,0,0,"",0,,0,0,,"00:38.25",38250,$26.00,4/2/2025 0:00:00,"2",2,12,"PP",0,1,,"?",13,13,"003825","000000","000000",0,0,1,0,0,$26.00,0.00,0.00,0.00,0.00,0.00,0.00,0.00,0.00,0.00,,"PP","000000",0,0,,"Accepted",0,0,,,0
610,55,9,72,104,0,1,0,0,0,0,"",0,,0,0,,"00:21.25",21250,$26.00,4/2/2025 0:00:00,"1",1,16,"PP",0,1,,"?",13,13,"002125","000000","000000",0,0,1,0,0,$26.00,0.00,0.00,0.00,0.00,0.00,0.00,0.00,0.00,0.00,,"PP","000000",0,0,,"Accepted",0,0,,,0
611,55,9,79,104,0,1,0,0,0,0,"",0,,0,0,,"00:32.44",32440,$26.00,4/2/2025 0:00:00,"1",1,12,"PP",0,1,,"?",13,16,"003244","000000","000000",0,0,1,0,0,$26.00,0.00,0.00,0.00,0.00,0.00,0.00,0.00,0.00,0.00,,"PP","000000",0,0,,"Accepted",0,0,,,0
613,55,9,90,104,0,0,0,0,0,1,"Incorrect Call",0,,0,0,,"00:00.00",0,$26.00,4/2/2025 0:00:00,"NQ",9996,14,"PP",0,1,,"?",13,16,"000000","000000","000000",0,0,0,0,0,$26.00,0.00,0.00,0.00,0.00,0.00,0.00,0.00,0.00,0.00,,"PP","000000",0,0,,"Accepted",0,0,,,0
615,54,9,65,105,0,1,0,0,0,0,"",0,,0,0,,"01:13.78",73780,$26.00,4/2/2025 0:00:00,"10",10,14,"PP",0,1,,"?",64,13,"011378","000000","000000",0,0,1,0,0,$26.00,0.00,0.00,0.00,0.00,0.00,0.00,0.00,0.00,0.00,,"PP","000000",0,0,,"Accepted",0,0,,,0
619,54,9,89,105,0,1,0,0,0,0,"",0,,0,0,,"00:41.16",41160,$26.00,4/2/2025 0:00:00,"8",8,11,"PP",0,1,,"?",64,16,"004116","000000","000000",0,0,1,0,0,$26.00,0.00,0.00,0.00,0.00,0.00,0.00,0.00,0.00,0.00,,"PP","000000",0,0,,"Accepted",0,0,,,0
620,54,9,87,105,0,0,0,0,0,1,"Max Time",0,,0,0,,"00:00.00",0,$26.00,4/2/2025 0:00:00,"NQ",9996,5,"PP",0,1,,"?",64,16,"00:00.00","00:00.00","00:00.00",0,0,0,0,0,$26.00,0.00,0.00,0.00,0.00,0.00,0.00,0.00,0.00,0.00,,"PP","000000",0,0,"NQ","Accepted",0,0,,,0
623,57,9,68,106,0,0,0,0,0,1,"Incorrect Call",0,,0,0,,"00:00.00",0,$26.00,4/3/2025 0:00:00,"NQ",9996,14,"PP",0,1,,"?",44,13,"000000","000000","000000",0,0,0,0,0,$26.00,0.00,0.00,0.00,0.00,0.00,0.00,0.00,0.00,0.00,,"PP","000000",0,0,,"Accepted",0,0,,,0
624,57,9,73,106,0,1,0,0,1,0,"",0,,0,0,,"03:03.09",83000,$26.00,4/3/2025 0:00:00,"5",5,11,"PP",0,1,,"?",44,13,"012300","014009","000000",100090,0,1,1,0,$26.00,0.00,0.00,0.00,0.00,0.00,0.00,0.00,0.00,0.00,,"PP","000000",0,0,,"Accepted",0,0,,,0
625,57,9,84,106,0,0,0,0,0,1,"Incorrect Call",0,,0,0,,"00:00.00",0,$26.00,4/3/2025 0:00:00,"NQ",9996,14,"PP",0,1,,"?",44,16,"000000","000000","000000",0,0,0,0,0,$26.00,0.00,0.00,0.00,0.00,0.00,0.00,0.00,0.00,0.00,,"PP","000000",0,0,,"Accepted",0,0,,,0
627,57,9,87,106,0,0,0,0,0,1,"Incorrect Call",0,,0,0,,"00:00.00",0,$26.00,4/3/2025 0:00:00,"NQ",9996,5,"PP",0,1,,"?",44,16,"00:00.00","00:00.00","00:00.00",0,0,0,0,0,$26.00,0.00,0.00,0.00,0.00,0.00,0.00,0.00,0.00,0.00,,"PP","000000",0,0,"NQ","Accepted",0,0,,,0
636,59,9,65,108,0,1,0,0,0,0,"",0,,0,0,,"00:17.50",17500,$26.00,4/3/2025 0:00:00,"5",5,14,"PP",0,1,,"?",68,13,"001750","000000","000000",0,0,1,0,0,$26.00,0.00,0.00,0.00,0.00,0.00,0.00,0.00,0.00,0.00,,"PP","000000",0,0,,"Accepted",0,0,,,0
637,59,9,70,108,0,1,0,0,0,0,"",0,,0,0,,"00:21.03",21030,$26.00,4/3/2025 0:00:00,"5",5,13,"PP",0,1,,"'",68,13,"002103","000000","000000",0,0,1,0,0,$26.00,0.00,0.00,0.00,0.00,0.00,0.00,0.00,0.00,0.00,,"PP","000000",0,0,,"Accepted",0,0,,,0
638,59,9,77,108,0,0,0,0,0,1,"Incorrect Call",0,,0,0,,"00:00.00",0,$26.00,4/3/2025 0:00:00,"NQ",9996,14,"PP",0,1,,""",68,16,"000000","000000","000000",0,0,0,0,0,$26.00,0.00,0.00,0.00,0.00,0.00,0.00,0.00,0.00,0.00,,"PP","000000",0,0,,"Accepted",0,0,,,0
639,59,9,89,108,0,1,0,0,0,0,"",0,,0,0,,"00:33.78",33780,$26.00,4/3/2025 0:00:00,"6",6,11,"PP",0,1,,"?",68,16,"003378","000000","000000",0,0,1,0,0,$26.00,0.00,0.00,0.00,0.00,0.00,0.00,0.00,0.00,0.00,,"PP","000000",0,0,,"Accepted",0,0,,,0
640,59,9,87,108,0,1,0,0,0,0,"-",0,,0,0,,"00:30.53",30530,$26.00,4/3/2025 0:00:00,"1",1,5,"PP",0,1,,"'",68,16,"00:30.53","00:00.00","00:00.00",0,0,0,0,0,$26.00,0.00,0.00,0.00,0.00,0.00,0.00,0.00,0.00,0.00,,"PP","000000",0,0,"Qualified","Accepted",0,0,,,0
642,61,9,68,109,0,0,0,0,0,1,"Incorrect Call",0,,0,0,,"00:00.00",0,$26.00,4/3/2025 0:00:00,"NQ",9996,14,"PP",0,1,,"?",45,13,"000000","000000","000000",0,0,0,0,0,$26.00,0.00,0.00,0.00,0.00,0.00,0.00,0.00,0.00,0.00,,"PP","000000",0,0,,"Accepted",0,0,,,0
643,61,9,72,109,0,0,0,0,0,1,"Max Time",0,,0,0,,"00:00.00",0,$26.00,4/3/2025 0:00:00,"NQ",9996,16,"PP",0,1,,"?",45,13,"000000","000000","000000",0,0,0,0,0,$26.00,0.00,0.00,0.00,0.00,0.00,0.00,0.00,0.00,0.00,,"PP","000000",0,0,,"Accepted",0,0,,,0
644,61,9,84,109,0,0,0,0,0,1,"Incorrect Call",0,,0,0,,"00:00.00",0,$26.00,4/3/2025 0:00:00,"NQ",9996,14,"PP",0,1,,"?",45,16,"000000","000000","000000",0,0,0,0,0,$26.00,0.00,0.00,0.00,0.00,0.00,0.00,0.00,0.00,0.00,,"PP","000000",0,0,,"Accepted",0,0,,,0
645,61,9,87,109,0,0,0,0,0,1,"Incorrect Call",0,,0,0,,"00:00.00",0,$26.00,4/3/2025 0:00:00,"NQ",9996,5,"PP",0,1,,"?",45,16,"00:00.00","00:00.00","00:00.00",0,0,0,0,0,$26.00,0.00,0.00,0.00,0.00,0.00,0.00,0.00,0.00,0.00,,"PP","000000",0,0,"NQ","Accepted",0,0,,,0
648,60,9,70,110,0,1,0,0,0,0,"",0,,0,0,,"00:22.47",22470,$26.00,4/3/2025 0:00:00,"6",6,13,"PP",0,1,,"^",45,13,"002247","000000","000000",0,0,1,0,0,$26.00,0.00,0.00,0.00,0.00,0.00,0.00,0.00,0.00,0.00,,"PP","000000",0,0,,"Accepted",0,0,,,0
651,60,9,89,110,0,1,0,0,0,0,"",0,,0,0,,"00:17.87",17870,$26.00,4/3/2025 0:00:00,"2",2,11,"PP",0,1,,"?",45,16,"001787","000000","000000",0,0,1,0,0,$26.00,0.00,0.00,0.00,0.00,0.00,0.00,0.00,0.00,0.00,,"PP","000000",0,0,,"Accepted",0,0,,,0
653,63,9,65,111,0,1,0,0,0,0,"",0,,0,0,,"00:07.94",7940,$26.00,4/4/2025 0:00:00,"2",2,14,"PP",0,1,,"¯",70,13,"000794","000000","000000",0,0,1,0,0,$26.00,0.00,0.00,0.00,0.00,0.00,0.00,0.00,0.00,0.00,,"PP","000000",0,0,,"Accepted",0,0,,,0
654,63,9,70,111,0,1,0,0,0,0,"",0,,0,0,,"00:11.94",11940,$26.00,4/4/2025 0:00:00,"2",2,13,"PP",0,1,,"´",70,13,"001194","000000","000000",0,0,1,0,0,$26.00,0.00,0.00,0.00,0.00,0.00,0.00,0.00,0.00,0.00,,"PP","000000",0,0,,"Accepted",0,0,,,0
655,63,9,77,111,0,0,0,0,0,1,"Incorrect Call",0,,0,0,,"00:00.00",0,$26.00,4/4/2025 0:00:00,"NQ",9996,14,"PP",0,1,,"`",70,16,"000000","000000","000000",0,0,0,0,0,$26.00,0.00,0.00,0.00,0.00,0.00,0.00,0.00,0.00,0.00,,"PP","000000",0,0,,"Accepted",0,0,,,0
656,63,9,89,111,0,1,0,0,0,0,"",0,,0,0,,"00:34.34",34340,$26.00,4/4/2025 0:00:00,"7",7,11,"PP",0,1,,"?",70,16,"003434","000000","000000",0,0,1,0,0,$26.00,0.00,0.00,0.00,0.00,0.00,0.00,0.00,0.00,0.00,,"PP","000000",0,0,,"Accepted",0,0,,,0
663,65,9,68,113,0,0,0,0,0,1,"Incorrect Call",0,,0,0,,"00:00.00",0,$26.00,4/7/2025 0:00:00,"NQ",9996,14,"PP",0,1,,"?",57,13,"000000","000000","000000",0,0,0,0,0,$26.00,0.00,0.00,0.00,0.00,0.00,0.00,0.00,0.00,0.00,,"PP","000000",0,0,,"Accepted",0,0,,,0
665,65,9,84,113,0,0,0,0,0,1,"Max Time",0,,0,0,,"00:00.00",0,$26.00,4/7/2025 0:00:00,"NQ",9996,14,"PP",0,1,,"?",57,16,"000000","000000","000000",0,0,0,0,0,$26.00,0.00,0.00,0.00,0.00,0.00,0.00,0.00,0.00,0.00,,"PP","000000",0,0,,"Accepted",0,0,,,0
666,65,9,87,113,0,0,0,0,0,1,"Incorrect Call",0,,0,0,,"00:00.00",0,$26.00,4/7/2025 0:00:00,"NQ",9996,5,"PP",0,1,,"?",57,16,"00:00.00","00:00.00","00:00.00",0,0,0,0,0,$26.00,0.00,0.00,0.00,0.00,0.00,0.00,0.00,0.00,0.00,,"PP","000000",0,0,"NQ","Accepted",0,0,,,0
668,67,9,65,114,0,0,0,0,0,1,"Max Time",0,,0,0,,"00:00.00",0,$26.00,4/7/2025 0:00:00,"NQ",9996,14,"PP",0,1,,"?",73,13,"000000","000000","000000",0,0,0,0,0,$26.00,0.00,0.00,0.00,0.00,0.00,0.00,0.00,0.00,0.00,,"PP","000000",0,0,,"Accepted",0,0,,,0
669,67,9,70,114,0,1,0,0,0,0,"",0,,0,0,,"00:28.04",28040,$26.00,4/7/2025 0:00:00,"7",7,13,"PP",0,1,,"?",73,13,"002804","000000","000000",0,0,1,0,0,$26.00,0.00,0.00,0.00,0.00,0.00,0.00,0.00,0.00,0.00,,"PP","000000",0,0,,"Accepted",0,0,,,0
670,67,9,77,114,0,0,0,0,0,1,"Incorrect Call",0,,0,0,,"00:00.00",0,$26.00,4/7/2025 0:00:00,"NQ",9996,14,"PP",0,1,,"°",73,16,"000000","000000","000000",0,0,0,0,0,$26.00,0.00,0.00,0.00,0.00,0.00,0.00,0.00,0.00,0.00,,"PP","000000",0,0,,"Accepted",0,0,,,0
671,67,9,89,114,0,0,0,0,0,1,"Max Time",0,,0,0,,"00:00.00",0,$26.00,4/7/2025 0:00:00,"NQ",9996,11,"PP",0,1,,"?",73,16,"000000","000000","000000",0,0,0,0,0,$26.00,0.00,0.00,0.00,0.00,0.00,0.00,0.00,0.00,0.00,,"PP","000000",0,0,,"Accepted",0,0,,,0
673,68,9,67,115,0,0,0,0,0,1,"Incorrect Call",0,,0,0,,"00:00.00",0,$26.00,4/7/2025 0:00:00,"NQ",9996,12,"1359",0,1,,"?",10,13,"000000","000000","000000",0,0,0,0,0,$26.00,0.00,0.00,0.00,0.00,0.00,0.00,0.00,0.00,0.00,,"CK","000000",0,0,,"Accepted",0,0,,,0
674,68,9,72,115,0,1,0,0,0,0,"",0,,0,0,,"01:33.72",93720,$26.00,4/7/2025 0:00:00,"7",7,16,"1359",0,1,,"?",10,13,"013372","000000","000000",0,0,1,0,0,$26.00,0.00,0.00,0.00,0.00,0.00,0.00,0.00,0.00,0.00,,"CK","000000",0,0,,"Accepted",0,0,,,0
678,69,9,73,116,0,0,0,0,0,1,"Max Time",0,,0,0,,"00:00.00",74210,$26.00,4/7/2025 0:00:00,"NQ",9996,11,"1359",0,1,,"?",10,13,"011421","000000","000000",0,0,1,0,0,$26.00,0.00,0.00,0.00,0.00,0.00,0.00,0.00,0.00,0.00,,"CK","000000",0,0,,"Accepted",0,0,,,0
692,72,9,78,119,0,0,0,0,0,1,"Incorrect Call",0,,0,0,,"00:00.00",0,$26.00,4/7/2025 0:00:00,"NQ",9996,9,"5052",0,1,,"?",25,16,"000000","000000","000000",0,0,0,0,0,$26.00,0.00,0.00,0.00,0.00,0.00,0.00,0.00,0.00,0.00,,"CK","000000",0,0,,"Accepted",0,0,,,0
695,73,9,67,120,0,1,0,0,0,0,"",0,,0,0,,"01:58.18",118180,$26.00,4/7/2025 0:00:00,"3",3,12,"5052",0,1,,"?",25,13,"015818","000000","000000",0,0,1,0,0,$26.00,0.00,0.00,0.00,0.00,0.00,0.00,0.00,0.00,0.00,,"CK","000000",0,0,,"Accepted",0,0,,,0
696,73,9,72,120,0,1,0,0,0,0,"",0,,0,0,,"01:04.69",64690,$26.00,4/7/2025 0:00:00,"5",5,16,"5052",0,1,,"?",25,13,"010469","000000","000000",0,0,1,0,0,$26.00,0.00,0.00,0.00,0.00,0.00,0.00,0.00,0.00,0.00,,"CK","000000",0,0,,"Accepted",0,0,,,0
697,73,9,79,120,0,0,0,0,0,1,"Incorrect Call",0,,0,0,,"00:00.00",0,$26.00,4/7/2025 0:00:00,"NQ",9996,12,"5052",0,1,,"?",25,16,"000000","000000","000000",0,0,0,0,0,$26.00,0.00,0.00,0.00,0.00,0.00,0.00,0.00,0.00,0.00,,"CK","000000",0,0,,"Accepted",0,0,,,0
699,72,9,66,119,0,0,0,0,0,1,"Max Time",0,,0,0,,"00:00.00",0,$26.00,4/7/2025 0:00:00,"NQ",9996,10,"5052",0,1,,"?",25,13,"000000","000000","000000",0,0,0,0,0,$26.00,0.00,0.00,0.00,0.00,0.00,0.00,0.00,0.00,0.00,,"CK","000000",0,0,,"Accepted",0,0,,,0
700,72,9,71,119,0,0,0,0,0,1,"Max Time",0,,0,0,,"00:00.00",0,$26.00,4/7/2025 0:00:00,"NQ",9996,9,"5052",0,1,,"?",25,13,"000000","000000","000000",0,0,0,0,0,$26.00,0.00,0.00,0.00,0.00,0.00,0.00,0.00,0.00,0.00,,"CK","000000",0,0,,"Accepted",0,0,,,0
703,72,9,90,119,0,1,0,0,0,0,"",0,,0,0,,"00:21.72",21720,$26.00,4/7/2025 0:00:00,"3",3,14,"5052",0,1,,"?",25,16,"002172","000000","000000",0,0,1,0,0,$26.00,0.00,0.00,0.00,0.00,0.00,0.00,0.00,0.00,0.00,,"CK","000000",0,0,,"Accepted",0,0,,,0
710,75,9,66,122,0,1,0,0,0,0,"",0,,0,0,,"00:14.31",14310,$26.00,4/10/2025 0:00:00,"3",3,10,"PP",0,1,,"^",55,13,"001431","000000","000000",0,0,1,0,0,$26.00,0.00,0.00,0.00,0.00,0.00,0.00,0.00,0.00,0.00,,"PP","000000",0,0,,"Accepted",0,0,,,0
711,75,9,71,122,0,1,0,0,0,0,"",0,,0,0,,"00:19.19",19190,$26.00,4/10/2025 0:00:00,"4",4,9,"PP",0,1,,"~",55,13,"001919","000000","000000",0,0,1,0,0,$26.00,0.00,0.00,0.00,0.00,0.00,0.00,0.00,0.00,0.00,,"PP","000000",0,0,,"Accepted",0,0,,,0
712,75,9,78,122,0,0,0,0,0,1,"Incorrect Call",0,,0,0,,"00:00.00",0,$26.00,4/10/2025 0:00:00,"NQ",9996,9,"PP",0,1,,"¯",55,16,"000000","000000","000000",0,0,0,0,0,$26.00,0.00,0.00,0.00,0.00,0.00,0.00,0.00,0.00,0.00,,"PP","000000",0,0,,"Accepted",0,0,,,0
713,75,9,90,122,0,1,0,0,0,0,"",0,,0,0,,"01:03.00",63000,$26.00,4/10/2025 0:00:00,"8",8,14,"PP",0,1,,"¯",55,16,"010300","000000","000000",0,0,1,0,0,$26.00,0.00,0.00,0.00,0.00,0.00,0.00,0.00,0.00,0.00,,"PP","000000",0,0,,"Accepted",0,0,,,0
717,76,9,65,123,0,1,0,0,0,0,"",0,,0,0,,"00:38.09",38090,$26.00,4/11/2025 0:00:00,"7",7,14,"PP",0,1,,"?",53,13,"003809","000000","000000",0,0,1,0,0,$26.00,0.00,0.00,0.00,0.00,0.00,0.00,0.00,0.00,0.00,,"PP","000000",0,0,,"Accepted",0,0,,,0
718,76,9,70,123,0,0,0,0,0,1,"Max Time",0,,0,0,,"00:00.00",0,$26.00,4/11/2025 0:00:00,"NQ",9996,13,"PP",0,1,,"°",53,13,"000000","000000","000000",0,0,0,0,0,$26.00,0.00,0.00,0.00,0.00,0.00,0.00,0.00,0.00,0.00,,"PP","000000",0,0,,"Accepted",0,0,,,0
720,76,9,77,123,0,0,0,0,0,1,"Incorrect Call",0,,0,0,,"00:00.00",0,$26.00,4/11/2025 0:00:00,"NQ",9996,14,"PP",0,1,,"?",53,16,"000000","000000","000000",0,0,0,0,0,$26.00,0.00,0.00,0.00,0.00,0.00,0.00,0.00,0.00,0.00,,"PP","000000",0,0,,"Accepted",0,0,,,0
722,78,9,65,124,0,0,0,0,0,1,"Dog Eliminated in Area",0,,0,0,,"00:00.00",0,$26.00,4/11/2025 0:00:00,"NQ",9996,14,"PP",0,1,,""",53,13,"000000","000000","000000",0,0,0,0,0,$26.00,0.00,0.00,0.00,0.00,0.00,0.00,0.00,0.00,0.00,,"PP","000000",0,0,,"Accepted",0,0,,,0
723,78,9,70,124,0,0,0,0,0,1,"Max Time",0,,0,0,,"00:00.00",0,$26.00,4/11/2025 0:00:00,"NQ",9996,13,"PP",0,1,,"?",53,13,"000000","000000","000000",0,0,0,0,0,$26.00,0.00,0.00,0.00,0.00,0.00,0.00,0.00,0.00,0.00,,"PP","000000",0,0,,"Accepted",0,0,,,0
724,78,9,77,124,0,0,0,0,0,1,"Incorrect Call",0,,0,0,,"00:00.00",0,$26.00,4/11/2025 0:00:00,"NQ",9996,14,"PP",0,1,,"?",53,16,"000000","000000","000000",0,0,0,0,0,$26.00,0.00,0.00,0.00,0.00,0.00,0.00,0.00,0.00,0.00,,"PP","000000",0,0,,"Accepted",0,0,,,0
725,78,9,89,124,0,0,0,0,0,1,"Dog Eliminated in Area",0,,0,0,,"00:00.00",0,$26.00,4/11/2025 0:00:00,"NQ",9996,11,"PP",0,1,,"?",53,16,"000000","000000","000000",0,0,0,0,0,$26.00,0.00,0.00,0.00,0.00,0.00,0.00,0.00,0.00,0.00,,"PP","000000",0,0,,"Accepted",0,0,,,0
727,79,9,65,125,0,0,0,0,0,1,"Max Time",0,,0,0,,"00:00.00",0,$26.00,4/12/2025 0:00:00,"NQ",9996,14,"PP",0,1,,"?",75,13,"000000","000000","000000",0,0,0,0,0,$26.00,0.00,0.00,0.00,0.00,0.00,0.00,0.00,0.00,0.00,,"PP","000000",0,0,,"Accepted",0,0,,,0
728,79,9,70,125,0,1,0,0,0,0,"",0,,0,0,,"00:33.25",33250,$26.00,4/12/2025 0:00:00,"8",8,13,"PP",0,1,,"?",75,13,"003325","000000","000000",0,0,1,0,0,$26.00,0.00,0.00,0.00,0.00,0.00,0.00,0.00,0.00,0.00,,"PP","000000",0,0,,"Accepted",0,0,,,0
740,83,9,69,128,0,0,0,0,0,1,"Incorrect Call",0,,0,0,,"00:00.00",0,$26.00,4/15/2025 0:00:00,"NQ",9996,5,"PP",0,1,,"?",77,13,"000000","000000","000000",0,0,0,0,0,$26.00,0.00,0.00,0.00,0.00,0.00,0.00,0.00,0.00,0.00,,"PP","000000",0,0,,"Accepted",0,0,,,0
741,83,9,85,128,0,1,0,0,0,0,"",0,,0,0,,"01:17.37",77370,$26.00,4/15/2025 0:00:00,"1",1,5,"PP",0,1,,"?",77,16,"011737","000000","000000",0,0,1,0,0,$26.00,0.00,0.00,0.00,0.00,0.00,0.00,0.00,0.00,0.00,,"PP","000000",0,0,,"Accepted",0,0,,,0
749,86,9,68,131,0,0,0,0,0,0,,0,,1,0,,"00:00.00",0,$26.00,4/15/2025 0:00:00,"Absent",9997,14,"PP",0,1,,"?",23,13,"000000","000000","000000",0,0,0,0,0,$26.00,0.00,0.00,0.00,0.00,0.00,0.00,0.00,0.00,0.00,,"PP","000000",0,0,,"Accepted",0,0,,,0
750,86,9,73,131,0,0,0,0,0,1,"Max Time",0,,0,0,,"00:00.00",61090,$26.00,4/15/2025 0:00:00,"NQ",9996,11,"PP",0,1,,"?",23,13,"010109","000000","000000",0,0,1,0,0,$26.00,0.00,0.00,0.00,0.00,0.00,0.00,0.00,0.00,0.00,,"PP","000000",0,0,,"Accepted",0,0,,,0
751,86,9,84,131,0,0,0,0,0,0,,0,,1,0,,"00:00.00",0,$26.00,4/15/2025 0:00:00,"Absent",9997,14,"PP",0,1,,"?",23,16,"000000","000000","000000",0,0,0,0,0,$26.00,0.00,0.00,0.00,0.00,0.00,0.00,0.00,0.00,0.00,,"PP","000000",0,0,,"Accepted",0,0,,,0
757,88,9,73,133,0,1,0,0,0,0,"",0,,0,0,,"01:48.06",70470,$26.00,4/15/2025 0:00:00,"2",2,11,"pp",0,1,,"_",31,13,"011047","003759","000000",37590,0,1,1,0,$26.00,0.00,0.00,0.00,0.00,0.00,0.00,0.00,0.00,0.00,,"PP","000000",0,0,,"Accepted",0,0,,,0
777,92,9,68,137,0,1,0,0,0,0,"",0,,0,0,,"01:36.72",96720,$26.00,4/15/2025 0:00:00,"2",2,14,"PP",0,1,,"?",15,13,"013672","000000","000000",0,0,1,0,0,$26.00,0.00,0.00,0.00,0.00,0.00,0.00,0.00,0.00,0.00,,"PP","000000",0,0,,"Accepted",0,0,,,0
778,92,9,73,137,0,0,0,0,0,1,"Max Time",0,,0,0,,"00:00.00",53840,$26.00,4/15/2025 0:00:00,"NQ",9996,11,"PP",0,1,,"?",15,13,"005384","000000","000000",0,0,1,0,0,$26.00,0.00,0.00,0.00,0.00,0.00,0.00,0.00,0.00,0.00,,"PP","000000",0,0,,"Accepted",0,0,,,0
779,92,9,84,137,0,0,0,0,0,1,"Incorrect Call",0,,0,0,,"00:00.00",0,$26.00,4/15/2025 0:00:00,"NQ",9996,14,"PP",0,1,,"?",15,16,"000000","000000","000000",0,0,0,0,0,$26.00,0.00,0.00,0.00,0.00,0.00,0.00,0.00,0.00,0.00,,"PP","000000",0,0,,"Accepted",0,0,,,0
781,84,9,74,138,0,1,0,0,0,0,"",0,,0,0,,"02:47.00",48250,$26.00,4/15/2025 0:00:00,"1",1,4,"PP",0,1,,"?",77,13,"004825","011375","004500",73750,45000,1,1,1,$26.00,0.00,0.00,0.00,0.00,0.00,0.00,0.00,0.00,0.00,,"PP","000000",0,0,,"Accepted",0,0,,,0
816,99,9,66,144,0,0,0,0,0,0,,0,,1,0,,"00:00.00",0,$26.00,4/15/2025 0:00:00,"Absent",9997,10,"PP",0,1,,"?",27,13,"000000","000000","000000",0,0,0,0,0,$26.00,0.00,0.00,0.00,0.00,0.00,0.00,0.00,0.00,0.00,,"PP","000000",0,0,,"Accepted",0,0,,,0
817,99,9,71,144,0,0,0,0,0,0,,0,,1,0,,"00:00.00",0,$26.00,4/15/2025 0:00:00,"Absent",9997,9,"PP",0,1,,"?",27,13,"000000","000000","000000",0,0,0,0,0,$26.00,0.00,0.00,0.00,0.00,0.00,0.00,0.00,0.00,0.00,,"PP","000000",0,0,,"Accepted",0,0,,,0
818,99,9,78,144,0,0,0,0,0,0,,0,,1,0,,"00:00.00",0,$26.00,4/15/2025 0:00:00,"Absent",9997,9,"PP",0,1,,"?",27,16,"000000","000000","000000",0,0,0,0,0,$26.00,0.00,0.00,0.00,0.00,0.00,0.00,0.00,0.00,0.00,,"PP","000000",0,0,,"Accepted",0,0,,,0
819,99,9,90,144,0,0,0,0,0,0,,0,,1,0,,"00:00.00",0,$26.00,4/15/2025 0:00:00,"Absent",9997,14,"PP",0,1,,"?",27,16,"000000","000000","000000",0,0,0,0,0,$26.00,0.00,0.00,0.00,0.00,0.00,0.00,0.00,0.00,0.00,,"PP","000000",0,0,,"Accepted",0,0,,,0
821,100,9,65,145,0,1,0,0,0,0,"",0,,0,0,,"00:06.00",6000,$26.00,4/15/2025 0:00:00,"1",1,14,"PP",0,1,,"?",84,13,"000600","000000","000000",0,0,1,0,0,$26.00,0.00,0.00,0.00,0.00,0.00,0.00,0.00,0.00,0.00,,"PP","000000",0,0,,"Accepted",0,0,,,0
822,100,9,70,145,0,1,0,0,0,0,"",0,,0,0,,"00:19.31",19310,$26.00,4/15/2025 0:00:00,"4",4,13,"PP",0,1,,"?",84,13,"001931","000000","000000",0,0,1,0,0,$26.00,0.00,0.00,0.00,0.00,0.00,0.00,0.00,0.00,0.00,,"PP","000000",0,0,,"Accepted",0,0,,,0
823,100,9,77,145,0,1,0,0,0,0,"",0,,0,0,,"00:16.78",16780,$26.00,4/15/2025 0:00:00,"1",1,14,"PP",0,1,,"?",84,16,"001678","000000","000000",0,0,1,0,0,$26.00,0.00,0.00,0.00,0.00,0.00,0.00,0.00,0.00,0.00,,"PP","000000",0,0,,"Accepted",0,0,,,0
825,100,9,89,145,0,1,0,0,0,0,"",0,,0,0,,"00:24.63",24630,$26.00,4/15/2025 0:00:00,"4",4,11,"PP",0,1,,"?",84,16,"002463","000000","000000",0,0,1,0,0,$26.00,0.00,0.00,0.00,0.00,0.00,0.00,0.00,0.00,0.00,,"PP","000000",0,0,,"Accepted",0,0,,,0
827,101,9,67,146,0,0,0,0,0,0,,0,,1,0,,"00:00.00",0,$26.00,4/15/2025 0:00:00,"Absent",9997,12,"PP",0,1,,"?",27,13,"000000","000000","000000",0,0,0,0,0,$26.00,0.00,0.00,0.00,0.00,0.00,0.00,0.00,0.00,0.00,,"PP","000000",0,0,,"Accepted",0,0,,,0
828,101,9,72,146,0,0,0,0,0,0,,0,,1,0,,"00:00.00",0,$26.00,4/15/2025 0:00:00,"Absent",9997,16,"PP",0,1,,"?",27,13,"000000","000000","000000",0,0,0,0,0,$26.00,0.00,0.00,0.00,0.00,0.00,0.00,0.00,0.00,0.00,,"PP","000000",0,0,,"Accepted",0,0,,,0
829,101,9,79,146,0,0,0,0,0,0,,0,,1,0,,"00:00.00",0,$26.00,4/15/2025 0:00:00,"Absent",9997,12,"PP",0,1,,"?",27,16,"000000","000000","000000",0,0,0,0,0,$26.00,0.00,0.00,0.00,0.00,0.00,0.00,0.00,0.00,0.00,,"PP","000000",0,0,,"Accepted",0,0,,,0
831,102,9,65,147,0,1,0,0,0,0,"",0,,0,0,,"00:15.71",15710,$26.00,4/15/2025 0:00:00,"4",4,14,"PP",0,1,,"?",86,13,"001571","000000","000000",0,0,1,0,0,$26.00,0.00,0.00,0.00,0.00,0.00,0.00,0.00,0.00,0.00,,"PP","000000",0,0,,"Accepted",0,0,,,0
834,103,9,74,148,0,1,0,0,0,0,"",0,,0,0,,"03:41.27",77620,$26.00,4/15/2025 0:00:00,"2",2,4,"PP",0,1,,";",52,13,"011762","013522","004843",95220,48430,1,1,1,$26.00,0.00,0.00,0.00,0.00,0.00,0.00,0.00,0.00,0.00,,"PP","000000",0,0,,"Accepted",0,0,,,0
835,103,9,85,148,0,1,0,0,1,0,"",0,,0,0,,"02:07.00",127000,$26.00,4/15/2025 0:00:00,"2",2,5,"PP",0,1,,"?",52,16,"020700","000000","000000",0,0,1,0,0,$26.00,0.00,0.00,0.00,0.00,0.00,0.00,0.00,0.00,0.00,,"PP","000000",0,0,,"Accepted",0,0,,,0
837,104,9,69,149,0,0,0,0,0,1,"Incorrect Call",0,,0,0,,"00:00.00",0,$26.00,4/15/2025 0:00:00,"NQ",9996,5,"PP",0,1,,"?",52,13,"000000","000000","000000",0,0,0,0,0,$26.00,0.00,0.00,0.00,0.00,0.00,0.00,0.00,0.00,0.00,,"PP","000000",0,0,,"Accepted",0,0,,,0
838,104,9,73,149,0,1,0,0,0,0,"",0,,0,0,,"01:40.90",46030,$26.00,4/15/2025 0:00:00,"1",1,11,"PP",0,1,,"?",52,13,"004603","005487","000000",54870,0,1,1,0,$26.00,0.00,0.00,0.00,0.00,0.00,0.00,0.00,0.00,0.00,,"PP","000000",0,0,,"Accepted",0,0,,,0
840,105,9,65,150,0,1,0,0,0,0,"",0,,0,0,,"00:44.88",44880,$26.00,4/15/2025 0:00:00,"8",8,14,"PP",0,1,,"?",23,13,"004488","000000","000000",0,0,1,0,0,$26.00,0.00,0.00,0.00,0.00,0.00,0.00,0.00,0.00,0.00,,"PP","000000",0,0,,"Accepted",0,0,,,0
841,105,9,70,150,0,1,0,0,0,0,"",0,,0,0,,"00:41.71",41710,$26.00,4/15/2025 0:00:00,"10",10,13,"PP",0,1,,"?",23,13,"004171","000000","000000",0,0,1,0,0,$26.00,0.00,0.00,0.00,0.00,0.00,0.00,0.00,0.00,0.00,,"PP","000000",0,0,,"Accepted",0,0,,,0
842,105,9,77,150,0,0,0,0,0,0,,0,,1,0,,"00:00.00",0,$26.00,4/15/2025 0:00:00,"Absent",9997,14,"PP",0,1,,"?",23,16,"000000","000000","000000",0,0,0,0,0,$26.00,0.00,0.00,0.00,0.00,0.00,0.00,0.00,0.00,0.00,,"PP","000000",0,0,,"Accepted",0,0,,,0
843,105,9,89,150,0,1,0,0,0,0,"",0,,0,0,,"00:10.81",10810,$26.00,4/15/2025 0:00:00,"1",1,11,"PP",0,1,,"?",23,16,"001081","000000","000000",0,0,1,0,0,$26.00,0.00,0.00,0.00,0.00,0.00,0.00,0.00,0.00,0.00,,"PP","000000",0,0,,"Accepted",0,0,,,0
845,102,9,77,147,0,1,0,0,1,0,"",0,,0,0,,"00:15.94",15940,$26.00,4/16/2025 0:00:00,"4",4,14,"PP",0,1,,"?",86,16,"001594","000000","000000",0,0,1,0,0,$26.00,0.00,0.00,0.00,0.00,0.00,0.00,0.00,0.00,0.00,,"PP","000000",0,0,,"Accepted",0,0,,,0
848,104,9,88,149,0,1,0,0,0,0,"",0,,0,0,,"00:03.94",3940,$26.00,4/16/2025 0:00:00,"1",1,2,"PP",0,1,,"?",52,16,"000394","000000","000000",0,0,1,0,0,$26.00,0.00,0.00,0.00,0.00,0.00,0.00,0.00,0.00,0.00,,"PP","000000",0,0,,"Accepted",0,0,,,0
855,106,9,69,151,0,0,0,0,0,1,"Incorrect Call",0,,0,0,,"00:00.00",0,$26.00,4/19/2025 0:00:00,"NQ",9996,5,"141",0,1,,"G",26,13,"000000","000000","000000",0,0,0,0,0,$26.00,0.00,0.00,0.00,0.00,0.00,0.00,0.00,0.00,0.00,,"CK","000000",0,0,,"Accepted",0,0,,,0
856,106,9,73,151,0,0,0,0,0,1,"Max Time",0,,0,0,,"00:00.00",0,$26.00,4/19/2025 0:00:00,"NQ",9996,11,"141",0,1,,"?",26,13,"000000","000000","000000",0,0,0,0,0,$26.00,0.00,0.00,0.00,0.00,0.00,0.00,0.00,0.00,0.00,,"CK","000000",0,0,,"Accepted",0,0,,,0
857,106,9,85,151,0,0,0,0,0,1,"Incorrect Call",0,,0,0,,"00:00.00",0,$26.00,4/19/2025 0:00:00,"NQ",9996,5,"141",0,1,,"?",26,16,"000000","000000","000000",0,0,0,0,0,$26.00,0.00,0.00,0.00,0.00,0.00,0.00,0.00,0.00,0.00,,"CK","000000",0,0,,"Accepted",0,0,,,0
859,107,9,68,152,0,1,0,0,0,0,"",0,,0,0,,"01:46.13",106130,$26.00,4/19/2025 0:00:00,"3",3,14,"141",0,1,,"?",26,13,"014613","000000","000000",0,0,1,0,0,$26.00,0.00,0.00,0.00,0.00,0.00,0.00,0.00,0.00,0.00,,"CK","000000",0,0,,"Accepted",0,0,,,0
860,107,9,72,152,0,1,0,0,0,0,"",0,,0,0,,"00:45.04",45040,$26.00,4/19/2025 0:00:00,"2",2,16,"141",0,1,,"T",26,13,"004504","000000","000000",0,0,1,0,0,$26.00,0.00,0.00,0.00,0.00,0.00,0.00,0.00,0.00,0.00,,"CK","000000",0,0,,"Accepted",0,0,,,0
861,107,9,84,152,0,1,0,0,0,0,"",0,,0,0,,"01:29.78",89780,$26.00,4/19/2025 0:00:00,"4",4,14,"141",0,1,,"?",26,16,"012978","000000","000000",0,0,1,0,0,$26.00,0.00,0.00,0.00,0.00,0.00,0.00,0.00,0.00,0.00,,"CK","000000",0,0,,"Accepted",0,0,,,0
863,108,9,68,153,0,0,0,0,0,0,,0,,1,0,,"00:00.00",0,$26.00,4/19/2025 0:00:00,"Absent",9997,14,"6070",0,1,,"?",22,13,"000000","000000","000000",0,0,0,0,0,$26.00,0.00,0.00,0.00,0.00,0.00,0.00,0.00,0.00,0.00,,"CK","000000",0,0,,"Accepted",0,0,,,0
864,108,9,73,153,0,0,0,0,0,1,"Max Time",0,,0,0,,"00:00.00",0,$26.00,4/19/2025 0:00:00,"NQ",9996,11,"6070",0,1,,"?",22,13,"000000","000000","000000",0,0,0,0,0,$26.00,0.00,0.00,0.00,0.00,0.00,0.00,0.00,0.00,0.00,,"CK","000000",0,0,,"Accepted",0,0,,,0
865,108,9,84,153,0,0,0,0,0,0,,0,,1,0,,"00:00.00",0,$26.00,4/19/2025 0:00:00,"Absent",9997,14,"6070",0,1,,"?",22,16,"000000","000000","000000",0,0,0,0,0,$26.00,0.00,0.00,0.00,0.00,0.00,0.00,0.00,0.00,0.00,,"CK","000000",0,0,,"Accepted",0,0,,,0
872,109,9,69,154,0,0,0,0,0,1,"Incorrect Call",0,,0,0,,"00:00.00",0,$26.00,4/19/2025 0:00:00,"NQ",9996,5,"6070",0,1,,"?",22,13,"000000","000000","000000",0,0,0,0,0,$26.00,0.00,0.00,0.00,0.00,0.00,0.00,0.00,0.00,0.00,,"CK","000000",0,0,,"Accepted",0,0,,,0
873,109,9,85,154,0,0,0,0,0,1,"Incorrect Call",0,,0,0,,"00:00.00",0,$26.00,4/19/2025 0:00:00,"NQ",9996,5,"6070",0,1,,"?",22,16,"000000","000000","000000",0,0,0,0,0,$26.00,0.00,0.00,0.00,0.00,0.00,0.00,0.00,0.00,0.00,,"CK","000000",0,0,,"Accepted",0,0,,,0
874,109,9,72,154,0,0,0,0,0,0,,0,,1,0,,"00:00.00",0,$26.00,4/19/2025 0:00:00,"Absent",9997,16,"6070",0,1,,"F",22,13,"000000","000000","000000",0,0,0,0,0,$26.00,0.00,0.00,0.00,0.00,0.00,0.00,0.00,0.00,0.00,,"CK","000000",0,0,,"Accepted",0,0,,,0
881,110,9,68,155,0,0,0,0,0,1,"Incorrect Call",0,,0,0,,"00:00.00",0,$26.00,4/19/2025 0:00:00,"NQ",9996,14,"8222",0,1,,"?",22,13,"000000","000000","000000",0,0,0,0,0,$26.00,0.00,0.00,0.00,0.00,0.00,0.00,0.00,0.00,0.00,,"CK","000000",0,0,,"Accepted",0,0,,,0
882,110,9,73,155,0,1,1,0,0,0,"",0,,0,0,,"01:51.47",61750,$26.00,4/19/2025 0:00:00,"4",4,11,"8222",0,1,,"?",22,13,"010175","004972","000000",49720,0,1,1,0,$26.00,0.00,0.00,0.00,0.00,0.00,0.00,0.00,0.00,0.00,,"CK","000000",0,0,,"Accepted",0,0,,,0
884,110,9,90,155,0,1,0,0,0,0,"",0,,0,0,,"00:34.87",34870,$26.00,4/19/2025 0:00:00,"6",6,14,"8222",0,1,,"?",22,16,"003487","000000","000000",0,0,1,0,0,$26.00,0.00,0.00,0.00,0.00,0.00,0.00,0.00,0.00,0.00,,"CK","000000",0,0,,"Accepted",0,0,,,0
889,111,9,67,156,0,0,0,0,0,1,"Incorrect Call",0,,0,0,,"00:00.00",0,$26.00,4/19/2025 0:00:00,"NQ",9996,12,"8222",0,1,,"e",33,13,"000000","000000","000000",0,0,0,0,0,$26.00,0.00,0.00,0.00,0.00,0.00,0.00,0.00,0.00,0.00,,"CK","000000",0,0,,"Accepted",0,0,,,0
890,111,9,72,156,0,1,0,0,0,0,"",0,,0,0,,"01:52.18",112180,$26.00,4/19/2025 0:00:00,"8",8,16,"8222",0,1,,"?",33,13,"015218","000000","000000",0,0,1,0,0,$26.00,0.00,0.00,0.00,0.00,0.00,0.00,0.00,0.00,0.00,,"CK","000000",0,0,,"Accepted",0,0,,,0
891,111,9,79,156,0,1,0,0,0,0,"",0,,0,0,,"00:59.31",59310,$26.00,4/19/2025 0:00:00,"3",3,12,"8222",0,1,,"?",33,16,"005931","000000","000000",0,0,1,0,0,$26.00,0.00,0.00,0.00,0.00,0.00,0.00,0.00,0.00,0.00,,"CK","000000",0,0,,"Accepted",0,0,,,0
894,112,9,66,157,0,0,0,0,0,1,"Incorrect Call",0,,0,0,,"00:00.00",0,$26.00,4/19/2025 0:00:00,"NQ",9996,10,"8222",0,1,,"?",33,13,"000000","000000","000000",0,0,0,0,0,$26.00,0.00,0.00,0.00,0.00,0.00,0.00,0.00,0.00,0.00,,"CK","000000",0,0,,"Accepted",0,0,,,0
895,112,9,78,157,0,1,0,0,0,0,"",0,,0,0,,"00:23.40",23400,$26.00,4/19/2025 0:00:00,"1",1,9,"8222",0,1,,"?",33,16,"002340","000000","000000",0,0,1,0,0,$26.00,0.00,0.00,0.00,0.00,0.00,0.00,0.00,0.00,0.00,,"CK","000000",0,0,,"Accepted",0,0,,,0
897,113,9,67,158,0,0,0,0,0,1,"Incorrect Call",0,,0,0,,"00:00.00",0,$26.00,4/19/2025 0:00:00,"NQ",9996,12,"1094",0,1,,"?",36,13,"000000","000000","000000",0,0,0,0,0,$26.00,0.00,0.00,0.00,0.00,0.00,0.00,0.00,0.00,0.00,,"CK","000000",0,0,,"Accepted",0,0,,,0
898,113,9,70,158,0,0,0,0,0,1,"Max Time",0,,0,0,,"00:00.00",0,$26.00,4/19/2025 0:00:00,"NQ",9996,13,"1094",0,1,,"?",36,13,"000000","000000","000000",0,0,0,0,0,$26.00,0.00,0.00,0.00,0.00,0.00,0.00,0.00,0.00,0.00,,"CK","000000",0,0,,"Accepted",0,0,,,0
899,113,9,79,158,0,0,0,0,0,1,"Incorrect Call",0,,0,0,,"00:00.00",0,$26.00,4/19/2025 0:00:00,"NQ",9996,12,"1094",0,1,,"?",36,16,"000000","000000","000000",0,0,0,0,0,$26.00,0.00,0.00,0.00,0.00,0.00,0.00,0.00,0.00,0.00,,"CK","000000",0,0,,"Accepted",0,0,,,0
902,114,9,65,159,0,1,0,0,0,0,"",0,,0,0,,"00:51.87",51870,$26.00,4/19/2025 0:00:00,"9",9,14,"1094",0,1,,"?",36,13,"005187","000000","000000",0,0,1,0,0,$26.00,0.00,0.00,0.00,0.00,0.00,0.00,0.00,0.00,0.00,,"CK","000000",0,0,,"Accepted",0,0,,,0
903,114,9,77,159,0,1,0,0,0,0,"",0,,0,0,,"00:58.25",58250,$26.00,4/19/2025 0:00:00,"3",3,14,"1094",0,1,,"s",36,16,"005825","000000","000000",0,0,1,0,0,$26.00,0.00,0.00,0.00,0.00,0.00,0.00,0.00,0.00,0.00,,"CK","000000",0,0,,"Accepted",0,0,,,0
905,115,9,65,160,0,1,0,0,0,0,"",0,,0,0,,"00:14.57",14570,$26.00,4/19/2025 0:00:00,"3",3,14,"1094",0,1,,"?",36,13,"001457","000000","000000",0,0,1,0,0,$26.00,0.00,0.00,0.00,0.00,0.00,0.00,0.00,0.00,0.00,,"CK","000000",0,0,,"Accepted",0,0,,,0
906,115,9,77,160,0,0,0,0,0,1,"Incorrect Call",0,,0,0,,"00:00.00",0,$26.00,4/19/2025 0:00:00,"NQ",9996,14,"1094",0,1,,"f",36,16,"000000","000000","000000",0,0,0,0,0,$26.00,0.00,0.00,0.00,0.00,0.00,0.00,0.00,0.00,0.00,,"CK","000000",0,0,,"Accepted",0,0,,,0
907,115,9,89,160,0,1,0,0,0,0,"",0,,0,0,,"00:29.19",29190,$26.00,4/19/2025 0:00:00,"5",5,11,"1094",0,1,,"?",36,16,"002919","000000","000000",0,0,1,0,0,$26.00,0.00,0.00,0.00,0.00,0.00,0.00,0.00,0.00,0.00,,"CK","000000",0,0,,"Accepted",0,0,,,0
909,117,9,74,161,0,0,0,0,0,1,"Max Time",0,,0,0,,"00:00.00",49150,$26.00,4/19/2025 0:00:00,"NQ",9996,4,"1094",0,1,,"?",36,13,"004915","005785","000000",57850,0,1,1,0,$26.00,0.00,0.00,0.00,0.00,0.00,0.00,0.00,0.00,0.00,,"CK","000000",0,0,,"Accepted",0,0,,,0
918,89,9,66,164,0,1,0,0,0,0,"",0,,0,0,,"00:06.47",6470,$26.00,4/19/2025 0:00:00,"1",1,10,"PP",0,1,,"?",79,13,"000647","000000","000000",0,0,1,0,0,$26.00,0.00,0.00,0.00,0.00,0.00,0.00,0.00,0.00,0.00,,"PP","000000",0,0,,"Accepted",0,0,,,0
919,89,9,71,164,0,1,0,0,0,0,"",0,,0,0,,"00:04.44",4440,$26.00,4/19/2025 0:00:00,"1",1,9,"PP",0,1,,"?",79,13,"000444","000000","000000",0,0,1,0,0,$26.00,0.00,0.00,0.00,0.00,0.00,0.00,0.00,0.00,0.00,,"PP","000000",0,0,,"Accepted",0,0,,,0
921,90,9,67,165,0,0,0,0,0,1,"Incorrect Call",0,,0,0,,"00:00.00",0,$26.00,4/19/2025 0:00:00,"NQ",9996,12,"PP",0,1,,"?",82,13,"000000","000000","000000",0,0,0,0,0,$26.00,0.00,0.00,0.00,0.00,0.00,0.00,0.00,0.00,0.00,,"PP","000000",0,0,,"Accepted",0,0,,,0
922,90,9,79,165,0,1,0,0,0,0,"",0,,0,0,,"01:36.91",96910,$26.00,4/19/2025 0:00:00,"5",5,12,"PP",0,1,,"?",82,16,"013691","000000","000000",0,0,1,0,0,$26.00,0.00,0.00,0.00,0.00,0.00,0.00,0.00,0.00,0.00,,"PP","000000",0,0,,"Accepted",0,0,,,0
923,90,9,71,165,0,0,0,0,0,1,"Max Time",0,,0,0,,"00:00.00",0,$26.00,4/19/2025 0:00:00,"NQ",9996,9,"PP",0,1,,"?",82,13,"000000","000000","000000",0,0,0,0,0,$26.00,0.00,0.00,0.00,0.00,0.00,0.00,0.00,0.00,0.00,,"PP","000000",0,0,,"Accepted",0,0,,,0
924,90,9,90,165,0,0,0,0,0,1,"Incorrect Call",0,,0,0,,"00:00.00",0,$26.00,4/19/2025 0:00:00,"NQ",9996,14,"PP",0,1,,"?",82,16,"000000","000000","000000",0,0,0,0,0,$26.00,0.00,0.00,0.00,0.00,0.00,0.00,0.00,0.00,0.00,,"PP","000000",0,0,,"Accepted",0,0,,,0
926,85,9,72,166,0,0,0,0,0,1,"Max Time",0,,0,0,,"00:00.00",0,$26.00,4/19/2025 0:00:00,"NQ",9996,16,"PP",0,1,,"?",15,13,"000000","000000","000000",0,0,0,0,0,$26.00,0.00,0.00,0.00,0.00,0.00,0.00,0.00,0.00,0.00,,"PP","000000",0,0,,"Accepted",0,0,,,0
927,85,9,90,166,0,0,0,0,0,1,"Incorrect Call",0,,0,0,,"00:00.00",0,$26.00,4/19/2025 0:00:00,"NQ",9996,14,"PP",0,1,,"?",15,16,"000000","000000","000000",0,0,0,0,0,$26.00,0.00,0.00,0.00,0.00,0.00,0.00,0.00,0.00,0.00,,"PP","000000",0,0,,"Accepted",0,0,,,0
930,93,9,68,167,0,0,0,0,0,1,"Incorrect Call",0,,0,0,,"00:00.00",0,$26.00,4/19/2025 0:00:00,"NQ",9996,14,"PP",0,1,,"?",32,13,"000000","000000","000000",0,0,0,0,0,$26.00,0.00,0.00,0.00,0.00,0.00,0.00,0.00,0.00,0.00,,"PP","000000",0,0,,"Accepted",0,0,,,0
931,93,9,84,167,0,1,0,0,0,0,"",0,,0,0,,"00:58.34",58340,$26.00,4/19/2025 0:00:00,"3",3,14,"PP",0,1,,"?",32,16,"005834","000000","000000",0,0,1,0,0,$26.00,0.00,0.00,0.00,0.00,0.00,0.00,0.00,0.00,0.00,,"PP","000000",0,0,,"Accepted",0,0,,,0
932,93,9,72,167,0,1,0,0,0,0,"",0,,0,0,,"01:01.63",61630,$26.00,4/19/2025 0:00:00,"4",4,16,"PP",0,1,,"?",32,13,"010163","000000","000000",0,0,1,0,0,$26.00,0.00,0.00,0.00,0.00,0.00,0.00,0.00,0.00,0.00,,"PP","000000",0,0,,"Accepted",0,0,,,0
933,93,9,90,167,0,1,0,0,0,0,"",0,,0,0,,"00:22.03",22030,$26.00,4/19/2025 0:00:00,"4",4,14,"PP",0,1,,"?",32,16,"002203","000000","000000",0,0,1,0,0,$26.00,0.00,0.00,0.00,0.00,0.00,0.00,0.00,0.00,0.00,,"PP","000000",0,0,,"Accepted",0,0,,,0
935,94,9,65,168,0,1,0,0,0,0,"",0,,0,0,,"00:34.12",34120,$26.00,4/19/2025 0:00:00,"6",6,14,"PP",0,1,,"?",83,13,"003412","000000","000000",0,0,1,0,0,$26.00,0.00,0.00,0.00,0.00,0.00,0.00,0.00,0.00,0.00,,"PP","000000",0,0,,"Accepted",0,0,,,0
936,94,9,77,168,0,1,0,0,0,0,"",0,,0,0,,"00:24.53",24530,$26.00,4/19/2025 0:00:00,"2",2,14,"PP",0,1,,"?",83,16,"002453","000000","000000",0,0,1,0,0,$26.00,0.00,0.00,0.00,0.00,0.00,0.00,0.00,0.00,0.00,,"PP","000000",0,0,,"Accepted",0,0,,,0
937,94,9,70,168,0,1,0,0,0,0,"",0,,0,0,,"00:10.63",10630,$26.00,4/19/2025 0:00:00,"1",1,13,"PP",0,1,,"?",83,13,"001063","000000","000000",0,0,1,0,0,$26.00,0.00,0.00,0.00,0.00,0.00,0.00,0.00,0.00,0.00,,"PP","000000",0,0,,"Accepted",0,0,,,0
939,95,9,68,169,0,1,0,0,1,0,"",0,,0,0,,"02:42.03",162030,$26.00,4/19/2025 0:00:00,"4",4,14,"PP",0,1,,"?",58,13,"024203","000000","000000",0,0,1,0,0,$26.00,0.00,0.00,0.00,0.00,0.00,0.00,0.00,0.00,0.00,,"PP","000000",0,0,,"Accepted",0,0,,,0
940,95,9,69,169,0,0,0,0,1,1,"Incorrect Call",0,,0,0,,"00:00.00",0,$26.00,4/19/2025 0:00:00,"NQ",9996,5,"PP",0,1,,"?",58,13,"000000","000000","000000",0,0,0,0,0,$26.00,0.00,0.00,0.00,0.00,0.00,0.00,0.00,0.00,0.00,,"PP","000000",0,0,,"Accepted",0,0,,,0
941,95,9,84,169,0,1,0,0,1,0,"",0,,0,0,,"02:27.06",147060,$26.00,4/19/2025 0:00:00,"6",6,14,"PP",0,1,,"?",58,16,"022706","000000","000000",0,0,1,0,0,$26.00,0.00,0.00,0.00,0.00,0.00,0.00,0.00,0.00,0.00,,"PP","000000",0,0,,"Accepted",0,0,,,0
942,95,9,85,169,0,1,0,0,1,0,"",0,,0,0,,"03:13.32",193320,$26.00,4/19/2025 0:00:00,"3",3,5,"PP",0,1,,"?",58,16,"031332","000000","000000",0,0,1,0,0,$26.00,0.00,0.00,0.00,0.00,0.00,0.00,0.00,0.00,0.00,,"PP","000000",0,0,,"Accepted",0,0,,,0
943,95,9,73,169,0,1,0,0,0,0,"",0,,0,0,,"02:12.65",57500,$26.00,4/19/2025 0:00:00,"3",3,11,"PP",0,1,,"?",58,13,"005750","011515","000000",75150,0,1,1,0,$26.00,0.00,0.00,0.00,0.00,0.00,0.00,0.00,0.00,0.00,,"PP","000000",0,0,,"Accepted",0,0,,,0
944,95,9,74,169,0,0,0,0,0,1,"Max Time",0,,0,0,,"00:00.00",0,$26.00,4/19/2025 0:00:00,"NQ",9996,4,"PP",0,1,,"?",58,13,"000000","000000","000000",0,0,0,0,0,$26.00,0.00,0.00,0.00,0.00,0.00,0.00,0.00,0.00,0.00,,"PP","000000",0,0,,"Accepted",0,0,,,0
946,96,9,66,170,0,1,0,0,0,0,"",0,,0,0,,"00:46.72",46720,$26.00,4/19/2025 0:00:00,"4",4,10,"PP",0,1,,"?",24,13,"004672","000000","000000",0,0,1,0,0,$26.00,0.00,0.00,0.00,0.00,0.00,0.00,0.00,0.00,0.00,,"PP","000000",0,0,,"Accepted",0,0,,,0
947,96,9,67,170,0,0,0,0,0,1,"Max Time",0,,0,0,,"00:00.00",0,$26.00,4/19/2025 0:00:00,"NQ",9996,12,"PP",0,1,,"?",24,13,"000000","000000","000000",0,0,0,0,0,$26.00,0.00,0.00,0.00,0.00,0.00,0.00,0.00,0.00,0.00,,"PP","000000",0,0,,"Accepted",0,0,,,0
948,96,9,71,170,0,1,0,0,0,0,"",0,,0,0,,"01:24.03",84030,$26.00,4/19/2025 0:00:00,"5",5,9,"PP",0,1,,"?",24,13,"012403","000000","000000",0,0,1,0,0,$26.00,0.00,0.00,0.00,0.00,0.00,0.00,0.00,0.00,0.00,,"PP","000000",0,0,,"Accepted",0,0,,,0
949,96,9,72,170,0,0,0,0,0,1,"Max Time",0,,0,0,,"00:00.00",0,$26.00,4/19/2025 0:00:00,"NQ",9996,16,"PP",0,1,,"?",24,13,"000000","000000","000000",0,0,0,0,0,$26.00,0.00,0.00,0.00,0.00,0.00,0.00,0.00,0.00,0.00,,"PP","000000",0,0,,"Accepted",0,0,,,0
950,96,9,78,170,0,0,0,0,0,1,"Incorrect Call",0,,0,0,,"00:00.00",0,$26.00,4/19/2025 0:00:00,"NQ",9996,9,"PP",0,1,,"?",24,16,"000000","000000","000000",0,0,0,0,0,$26.00,0.00,0.00,0.00,0.00,0.00,0.00,0.00,0.00,0.00,,"PP","000000",0,0,,"Accepted",0,0,,,0
951,96,9,90,170,0,0,0,0,0,1,"Max Time",0,,0,0,,"00:00.00",0,$26.00,4/19/2025 0:00:00,"NQ",9996,14,"PP",0,1,,"?",24,16,"000000","000000","000000",0,0,0,0,0,$26.00,0.00,0.00,0.00,0.00,0.00,0.00,0.00,0.00,0.00,,"PP","000000",0,0,,"Accepted",0,0,,,0
952,96,9,79,170,0,0,0,0,0,1,"Max Time",0,,0,0,,"00:00.00",0,$26.00,4/19/2025 0:00:00,"NQ",9996,12,"PP",0,1,,"?",24,16,"000000","000000","000000",0,0,0,0,0,$26.00,0.00,0.00,0.00,0.00,0.00,0.00,0.00,0.00,0.00,,"PP","000000",0,0,,"Accepted",0,0,,,0
954,120,9,66,171,0,0,0,0,0,1,"Incorrect Call",0,,0,0,,"00:00.00",0,$26.00,4/19/2025 0:00:00,"NQ",9996,10,"5235",0,1,,"?",89,13,"000000","000000","000000",0,0,0,0,0,$26.00,0.00,0.00,0.00,0.00,0.00,0.00,0.00,0.00,0.00,,"CK","000000",0,0,,"Accepted",0,0,,,0
955,120,9,78,171,0,0,0,0,0,1,"Incorrect Call",0,,0,0,,"00:00.00",0,$26.00,4/19/2025 0:00:00,"NQ",9996,9,"5235",0,1,,"?",89,16,"000000","000000","000000",0,0,0,0,0,$26.00,0.00,0.00,0.00,0.00,0.00,0.00,0.00,0.00,0.00,,"CK","000000",0,0,,"Accepted",0,0,,,0
956,120,9,90,171,0,1,0,0,0,0,"",0,,0,0,,"01:21.60",81600,$26.00,4/19/2025 0:00:00,"9",9,14,"5235",0,1,,"?",89,16,"012160","000000","000000",0,0,1,0,0,$26.00,0.00,0.00,0.00,0.00,0.00,0.00,0.00,0.00,0.00,,"CK","000000",0,0,,"Accepted",0,0,,,0
958,110,9,84,155,0,1,0,0,0,0,"",0,,0,0,,"01:57.88",117880,$26.00,4/26/2025 0:00:00,"5",5,14,,0,1,,"?",33,16,"015788","000000","000000",0,0,1,0,0,$26.00,0.00,0.00,0.00,0.00,0.00,0.00,0.00,0.00,0.00,,,"000000",0,0,,"Accepted",0,0,,,0
961,90,9,88,165,0,0,0,0,0,1,"Max Time",0,,0,0,,"00:00.00",0,$26.00,5/1/2025 0:00:00,"NQ",9996,2,"PP",0,1,,"?",82,16,"","000000","000000",0,0,1,0,0,$26.00,0.00,0.00,0.00,0.00,0.00,0.00,0.00,0.00,0.00,,"PP","000000",0,0,,"Accepted",0,0,,,0
970,121,9,70,172,0,1,0,0,0,0,"",0,,0,0,,"00:18.34",18340,$26.00,5/5/2025 0:00:00,"3",3,13,"PP",0,1,,"?",94,13,"001834","000000","000000",0,0,1,0,0,$26.00,0.00,0.00,0.00,0.00,0.00,0.00,0.00,0.00,0.00,,"PayPal","000000",0,0,,"Accepted",0,0,,,0
972,121,9,90,172,0,1,0,0,0,0,"",0,,0,0,,"00:17.28",17280,$26.00,5/5/2025 0:00:00,"2",2,14,"PP",0,1,,"?",94,16,"001728","000000","000000",0,0,1,0,0,$26.00,0.00,0.00,0.00,0.00,0.00,0.00,0.00,0.00,0.00,,"PayPal","000000",0,0,,"Accepted",0,0,,,0
974,122,9,72,173,0,1,0,0,0,0,"",0,,0,0,,"00:58.66",58660,$26.00,5/6/2025 0:00:00,"3",3,16,"PP",0,1,,"?",95,13,"005866","000000","000000",0,0,1,0,0,$26.00,0.00,0.00,0.00,0.00,0.00,0.00,0.00,0.00,0.00,,"PayPal","000000",0,0,,"Accepted",0,0,,,0
976,60,9,67,110,0,0,0,0,0,1,"Max Time",0,,0,0,,"00:00.00",0,$26.00,5/7/2025 0:00:00,"NQ",9996,12,"PP",0,1,,"?",45,13,"000000","000000","000000",0,0,0,0,0,$26.00,0.00,0.00,0.00,0.00,0.00,0.00,0.00,0.00,0.00,,,"000000",0,0,,"Accepted",0,0,,,0
978,60,9,79,110,0,0,0,0,0,1,"Incorrect Call",0,,0,0,,"00:00.00",0,$26.00,5/8/2025 0:00:00,"NQ",9996,12,"pp",0,1,,"?",45,16,"000000","000000","000000",0,0,0,0,0,$26.00,0.00,0.00,0.00,0.00,0.00,0.00,0.00,0.00,0.00,,,"000000",0,0,,"Accepted",0,0,,,0
980,79,9,77,125,0,0,0,0,0,1,"Max Time",0,,0,0,,"00:00.00",0,$26.00,5/8/2025 0:00:00,"NQ",9996,14,"PP",0,1,,"?",75,16,"000000","000000","000000",0,0,0,0,0,$26.00,0.00,0.00,0.00,0.00,0.00,0.00,0.00,0.00,0.00,,,"000000",0,0,,"Accepted",0,0,,,0
981,79,9,89,125,0,0,0,0,0,1,"Dog Eliminated in Area",0,,0,0,,"00:00.00",0,$26.00,5/8/2025 0:00:00,"NQ",9996,11,"PP",0,1,,"?",75,16,"000000","000000","000000",0,0,0,0,0,$26.00,0.00,0.00,0.00,0.00,0.00,0.00,0.00,0.00,0.00,,,"000000",0,0,,"Accepted",0,0,,,0
986,88,9,68,133,0,1,0,0,0,0,"",0,,0,0,,"01:12.69",72690,$26.00,5/12/2025 0:00:00,"1",1,14,"PP",0,1,,"?",31,13,"011269","000000","000000",0,0,1,0,0,$26.00,0.00,0.00,0.00,0.00,0.00,0.00,0.00,0.00,0.00,,,"000000",0,0,,"Accepted",0,0,,,0
987,88,9,84,133,0,1,0,0,0,0,"",0,,0,0,,"00:49.16",49160,$26.00,5/12/2025 0:00:00,"2",2,14,"PP",0,1,,"?",31,16,"004916","000000","000000",0,0,1,0,0,$26.00,0.00,0.00,0.00,0.00,0.00,0.00,0.00,0.00,0.00,,,"000000",0,0,,"Accepted",0,0,,,0
989,65,9,70,113,0,1,0,0,0,0,"",0,,0,0,,"00:35.72",35720,$26.00,5/13/2025 0:00:00,"9",9,13,"PP",0,1,,"?",57,13,"003572","000000","000000",0,0,1,0,0,$26.00,0.00,0.00,0.00,0.00,0.00,0.00,0.00,0.00,0.00,,,"000000",0,0,,"Accepted",0,0,,,0
991,87,9,68,175,0,0,0,0,0,1,"Incorrect Call",0,,0,0,,"00:00.00",0,$26.00,5/15/2025 0:00:00,"NQ",9996,14,"PP",0,1,,"?",79,13,"000000","000000","000000",0,0,0,0,0,$26.00,0.00,0.00,0.00,0.00,0.00,0.00,0.00,0.00,0.00,,,"000000",0,0,,"Accepted",0,0,,,0
992,87,9,84,175,0,1,0,0,0,0,"",0,,0,0,,"00:39.00",39000,$26.00,5/15/2025 0:00:00,"1",1,14,"PP",0,1,,"?",79,16,"003900","000000","000000",0,0,1,0,0,$26.00,0.00,0.00,0.00,0.00,0.00,0.00,0.00,0.00,0.00,,,"000000",0,0,,"Accepted",0,0,,,0
995,64,9,66,112,0,0,0,0,0,1,"Incorrect Call",0,,0,0,,"00:00.00",0,$26.00,5/21/2025 0:00:00,"NQ",9996,10,"PP",0,1,,"?",57,13,"000000","000000","000000",0,0,0,0,0,$26.00,0.00,0.00,0.00,0.00,0.00,0.00,0.00,0.00,0.00,,,"000000",0,0,,"Accepted",0,0,,,0
996,64,9,71,112,0,0,0,0,0,1,"Max Time",0,,0,0,,"00:00.00",0,$26.00,5/21/2025 0:00:00,"NQ",9996,9,"PP",0,1,,"?",57,13,"000000","000000","000000",0,0,0,0,0,$26.00,0.00,0.00,0.00,0.00,0.00,0.00,0.00,0.00,0.00,,,"000000",0,0,,"Accepted",0,0,,,0
997,64,9,78,112,0,1,0,0,0,0,"",0,,0,0,,"00:50.87",50870,$26.00,5/21/2025 0:00:00,"2",2,9,"PP",0,1,,"?",57,16,"005087","000000","000000",0,0,1,0,0,$26.00,0.00,0.00,0.00,0.00,0.00,0.00,0.00,0.00,0.00,,,"000000",0,0,,"Accepted",0,0,,,0
998,64,9,90,112,0,1,0,0,0,0,"",0,,0,0,,"00:56.82",56820,$26.00,5/21/2025 0:00:00,"7",7,14,"PP",0,1,,"?",57,16,"005682","000000","000000",0,0,1,0,0,$26.00,0.00,0.00,0.00,0.00,0.00,0.00,0.00,0.00,0.00,,,"000000",0,0,,"Accepted",0,0,,,0
1001,70,9,66,176,0,0,0,0,0,1,"Incorrect Call",0,,0,0,,"00:00.00",0,$26.00,5/26/2025 0:00:00,"NQ",9996,10,"1359",0,1,,"?",10,13,"000000","000000","000000",0,0,0,0,0,$26.00,0.00,0.00,0.00,0.00,0.00,0.00,0.00,0.00,0.00,,,"000000",0,0,,"Accepted",0,0,,,0
1002,70,9,71,176,0,1,0,0,0,0,"",0,,0,0,,"00:15.28",15280,$26.00,5/26/2025 0:00:00,"3",3,9,"1359",0,1,,"?",10,13,"001528","000000","000000",0,0,1,0,0,$26.00,0.00,0.00,0.00,0.00,0.00,0.00,0.00,0.00,0.00,,,"000000",0,0,,"Accepted",0,0,,,0
1003,70,9,78,176,0,1,0,0,0,0,"",0,,0,0,,"01:23.85",83850,$26.00,5/26/2025 0:00:00,"3",3,9,"1359",0,1,,"?",10,16,"012385","000000","000000",0,0,1,0,0,$26.00,0.00,0.00,0.00,0.00,0.00,0.00,0.00,0.00,0.00,,,"000000",0,0,,"Accepted",0,0,,,0
1004,70,9,90,176,0,1,0,0,0,0,"",0,,0,0,,"00:17.06",17060,$26.00,5/26/2025 0:00:00,"1",1,14,"1359",0,1,,"?",10,16,"001706","000000","000000",0,0,1,0,0,$26.00,0.00,0.00,0.00,0.00,0.00,0.00,0.00,0.00,0.00,,,"000000",0,0,,"Accepted",0,0,,,0
1005,68,9,79,115,0,1,0,0,0,0,"",0,,0,0,,"00:40.72",40720,$26.00,5/26/2025 0:00:00,"2",2,12,"1359",0,1,,"?",10,16,"004072","000000","000000",0,0,1,0,0,$26.00,0.00,0.00,0.00,0.00,0.00,0.00,0.00,0.00,0.00,,,"000000",0,0,,"Accepted",0,0,,,0
1006,69,9,68,116,0,0,0,0,0,1,"Incorrect Call",0,,0,0,,"00:00.00",0,$26.00,5/26/2025 0:00:00,"NQ",9996,14,"1359",0,1,,"?",10,13,"000000","000000","000000",0,0,0,0,0,$26.00,0.00,0.00,0.00,0.00,0.00,0.00,0.00,0.00,0.00,,,"000000",0,0,,"Accepted",0,0,,,0
1007,69,9,84,116,0,0,0,0,0,1,"Incorrect Call",0,,0,0,,"00:00.00",0,$26.00,5/26/2025 0:00:00,"NQ",9996,14,"1359",0,1,,"?",10,16,"000000","000000","000000",0,0,0,0,0,$26.00,0.00,0.00,0.00,0.00,0.00,0.00,0.00,0.00,0.00,,,"000000",0,0,,"Accepted",0,0,,,0
1009,74,9,67,121,0,0,0,0,0,1,"Incorrect Call",0,,0,0,,"00:00.00",0,$26.00,5/26/2025 0:00:00,"NQ",9996,12,"102",0,1,,"?",74,13,"000000","000000","000000",0,0,0,0,0,$26.00,0.00,0.00,0.00,0.00,0.00,0.00,0.00,0.00,0.00,,,"000000",0,0,,"Accepted",0,0,,,0
1010,74,9,79,121,0,1,0,0,0,0,"",0,,0,0,,"01:30.97",90970,$26.00,5/26/2025 0:00:00,"4",4,12,"102",0,1,,"?",74,16,"013097","000000","000000",0,0,1,0,0,$26.00,0.00,0.00,0.00,0.00,0.00,0.00,0.00,0.00,0.00,,,"000000",0,0,,"Accepted",0,0,,,0
1011,74,9,72,121,0,1,0,0,0,0,"",0,,0,0,,"01:59.35",119350,$26.00,5/26/2025 0:00:00,"9",9,16,"102",0,1,,"?",74,13,"015935","000000","000000",0,0,1,0,0,$26.00,0.00,0.00,0.00,0.00,0.00,0.00,0.00,0.00,0.00,,,"000000",0,0,,"Accepted",0,0,,,0
1013,54,9,72,105,0,0,0,0,0,1,"Incorrect Call",0,,0,0,,"00:00.00",0,$26.00,5/26/2025 0:00:00,"NQ",9996,16,"PP",0,1,,"?",64,13,"000000","000000","000000",0,0,0,0,0,$26.00,0.00,0.00,0.00,0.00,0.00,0.00,0.00,0.00,0.00,,,"000000",0,0,,"Accepted",0,0,,,0
1015,54,9,77,105,0,0,0,0,0,1,"Incorrect Call",0,,0,0,,"00:00.00",0,$26.00,5/26/2025 0:00:00,"NQ",9996,14,,0,1,,"?",64,16,"000000","000000","000000",0,0,0,0,0,$26.00,0.00,0.00,0.00,0.00,0.00,0.00,0.00,0.00,0.00,,,"000000",0,0,,"Accepted",0,0,,,0
1017,121,9,78,172,0,0,0,0,0,1,"Incorrect Call",0,,0,0,,"00:00.00",0,$26.00,5/27/2025 0:00:00,"NQ",9996,9,"PP",0,1,,"?",94,16,"000000","000000","000000",0,0,0,0,0,$26.00,0.00,0.00,0.00,0.00,0.00,0.00,0.00,0.00,0.00,,,"000000",0,0,,"Accepted",0,0,,,0
1018,121,9,66,172,0,1,0,0,0,0,"",0,,0,0,,"00:11.47",11470,$26.00,5/27/2025 0:00:00,"2",2,10,"PP",0,1,,"?",94,13,"001147","000000","000000",0,0,1,0,0,$26.00,0.00,0.00,0.00,0.00,0.00,0.00,0.00,0.00,0.00,,,"000000",0,0,,"Accepted",0,0,,,0
1027,51,10,161,150,0,0,0,0,0,0,,0,,0,0,,,0,,11/18/2025 0:00:00,"0",0,0,,0,1,,"?",19,36,"000000","000000","000000",0,0,0,0,0,$30.00,0.00,0.00,0.00,0.00,0.00,0.00,0.00,0.00,0.00,,,"000000",0,0,,"Accepted",0,0,,,0
1028,51,10,157,150,0,0,0,0,0,0,,0,,0,0,,,0,,11/18/2025 0:00:00,"0",0,0,,0,1,,"?",19,36,"000000","000000","000000",0,0,0,0,0,$30.00,0.00,0.00,0.00,0.00,0.00,0.00,0.00,0.00,0.00,,,"000000",0,0,,"Accepted",0,0,,,0
1029,51,10,140,150,0,0,0,0,0,0,,0,,0,0,,,0,,11/18/2025 0:00:00,"0",0,0,,0,1,,"?",19,28,"000000","000000","000000",0,0,0,0,0,$30.00,0.00,0.00,0.00,0.00,0.00,0.00,0.00,0.00,0.00,,,"000000",0,0,,"Accepted",0,0,,,0
1032,124,10,145,151,0,0,0,0,0,0,,0,,0,0,,,0,$30.00,1/28/2026 0:00:00,"0",0,0,,0,1,,"?",99,36,"000000","000000","000000",0,0,0,0,0,$30.00,0.00,0.00,0.00,0.00,0.00,0.00,0.00,0.00,0.00,,"PP","000000",0,0,,"Accepted",0,0,,,0
1033,124,10,155,151,0,0,0,0,0,0,,0,,0,0,,,0,$30.00,1/28/2026 0:00:00,"0",0,0,,0,1,,"?",99,36,"000000","000000","000000",0,0,0,0,0,$30.00,0.00,0.00,0.00,0.00,0.00,0.00,0.00,0.00,0.00,,"PP","000000",0,0,,"Accepted",0,0,,,0
1034,124,10,114,151,0,0,0,0,0,0,,0,,0,0,,,0,$30.00,1/28/2026 0:00:00,"0",0,0,,0,1,,"?",99,28,"000000","000000","000000",0,0,0,0,0,$30.00,0.00,0.00,0.00,0.00,0.00,0.00,0.00,0.00,0.00,,"PP","000000",0,0,,"Accepted",0,0,,,0
1035,124,10,153,151,0,0,0,0,0,0,,0,,0,0,,,0,$30.00,1/28/2026 0:00:00,"0",0,0,,0,1,,"?",99,36,"000000","000000","000000",0,0,0,0,0,$30.00,0.00,0.00,0.00,0.00,0.00,0.00,0.00,0.00,0.00,,,"000000",0,0,,"Accepted",0,0,,,0
1037,124,10,168,151,0,0,0,0,0,0,,0,,0,0,,,0,$30.00,1/28/2026 0:00:00,"0",0,0,,0,1,,"?",99,36,"000000","000000","000000",0,0,0,0,0,$28.00,0.00,0.00,0.00,0.00,0.00,0.00,0.00,0.00,0.00,,"PP","000000",0,0,,"Accepted",0,0,,,0
1038,124,10,143,151,0,0,0,0,0,0,,0,,0,0,,,0,$30.00,1/28/2026 0:00:00,"0",0,0,,0,1,,"?",99,28,"000000","000000","000000",0,0,0,0,0,$30.00,0.00,0.00,0.00,0.00,0.00,0.00,0.00,0.00,0.00,,,"000000",0,0,,"Accepted",0,0,,,0
1048,108,10,153,152,0,0,0,0,0,0,,0,,0,0,,,0,$30.00,1/29/2026 0:00:00,"0",0,0,"PP",0,1,,"?",22,36,"000000","000000","000000",0,0,0,0,0,$30.00,0.00,0.00,0.00,0.00,0.00,0.00,0.00,0.00,0.00,,,"000000",0,0,,"Accepted",0,0,,,0
1050,108,10,143,152,0,0,0,0,0,0,,0,,0,0,,,0,$30.00,1/29/2026 0:00:00,"0",0,0,"PP",0,1,,"?",22,28,"000000","000000","000000",0,0,0,0,0,$30.00,0.00,0.00,0.00,0.00,0.00,0.00,0.00,0.00,0.00,,,"000000",0,0,,"Accepted",0,0,,,0
1058,57,10,162,154,0,0,0,0,0,0,,0,,0,0,,,0,$30.00,1/29/2026 0:00:00,"0",0,0,"PP",0,1,,"?",44,36,"000000","000000","000000",0,0,0,0,0,$30.00,0.00,0.00,0.00,0.00,0.00,0.00,0.00,0.00,0.00,,,"000000",0,0,,"Accepted",0,0,,,0
1059,57,10,151,154,0,0,0,0,0,0,,0,,0,0,,,0,$30.00,1/29/2026 0:00:00,"0",0,0,"PP",0,1,,"?",44,36,"000000","000000","000000",0,0,0,0,0,$30.00,0.00,0.00,0.00,0.00,0.00,0.00,0.00,0.00,0.00,,,"000000",0,0,,"Accepted",0,0,,,0
1060,57,10,141,154,0,0,0,0,0,0,,0,,0,0,,,0,$30.00,1/29/2026 0:00:00,"0",0,0,"PP",0,1,,"?",44,28,"000000","000000","000000",0,0,0,0,0,$30.00,0.00,0.00,0.00,0.00,0.00,0.00,0.00,0.00,0.00,,,"000000",0,0,,"Accepted",0,0,,,0
1062,58,10,149,155,0,0,0,0,0,0,,0,,0,0,,,0,$30.00,1/29/2026 0:00:00,"0",0,0,"PP",0,1,,"?",44,36,"000000","000000","000000",0,0,0,0,0,$30.00,0.00,0.00,0.00,0.00,0.00,0.00,0.00,0.00,0.00,,,"000000",0,0,,"Accepted",0,0,,,0
1063,58,10,169,155,0,0,0,0,0,0,,0,,0,0,,,0,$30.00,1/29/2026 0:00:00,"0",0,0,"PP",0,1,,"?",44,36,"000000","000000","000000",0,0,0,0,0,$28.00,0.00,0.00,0.00,0.00,0.00,0.00,0.00,0.00,0.00,,,"000000",0,0,,"Accepted",0,0,,,0
1065,76,10,145,156,0,0,0,0,0,0,,0,,0,0,,,0,$30.00,1/29/2026 0:00:00,"0",0,0,"PP",0,1,,"?",53,36,"000000","000000","000000",0,0,0,0,0,$30.00,0.00,0.00,0.00,0.00,0.00,0.00,0.00,0.00,0.00,,,"000000",0,0,,"Accepted",0,0,,,0
1066,76,10,155,156,0,0,0,0,0,0,,0,,0,0,,,0,$30.00,1/29/2026 0:00:00,"0",0,0,"PP",0,1,,"?",53,36,"000000","000000","000000",0,0,0,0,0,$30.00,0.00,0.00,0.00,0.00,0.00,0.00,0.00,0.00,0.00,,,"000000",0,0,,"Accepted",0,0,,,0
1067,76,10,114,156,0,0,0,0,0,0,,0,,0,0,,,0,$30.00,1/29/2026 0:00:00,"0",0,0,"PP",0,1,,"?",53,28,"000000","000000","000000",0,0,0,0,0,$30.00,0.00,0.00,0.00,0.00,0.00,0.00,0.00,0.00,0.00,,,"000000",0,0,,"Accepted",0,0,,,0
1072,63,10,145,158,0,0,0,0,0,0,,0,,0,0,,,0,$30.00,1/29/2026 0:00:00,"0",0,0,"pp",0,1,,"?",70,36,"000000","000000","000000",0,0,0,0,0,$30.00,0.00,0.00,0.00,0.00,0.00,0.00,0.00,0.00,0.00,,,"000000",0,0,,"Accepted",0,0,,,0
1073,63,10,114,158,0,0,0,0,0,0,,0,,0,0,,,0,$30.00,1/29/2026 0:00:00,"0",0,0,"pp",0,1,,"?",70,28,"000000","000000","000000",0,0,0,0,0,$30.00,0.00,0.00,0.00,0.00,0.00,0.00,0.00,0.00,0.00,,,"000000",0,0,,"Waitlist",0,0,,,0
1074,63,10,157,158,0,0,0,0,0,0,,0,,0,0,,,0,$30.00,1/29/2026 0:00:00,"0",0,0,"pp",0,1,,"?",70,36,"000000","000000","000000",0,0,0,0,0,$30.00,0.00,0.00,0.00,0.00,0.00,0.00,0.00,0.00,0.00,,,"000000",0,0,,"Pending",0,0,,,0
1076,63,10,165,158,0,0,0,0,0,0,,0,,0,0,,,0,$30.00,1/29/2026 0:00:00,"0",0,0,"PP",0,1,,"?",70,28,"000000","000000","000000",0,0,0,0,0,$28.00,0.00,0.00,0.00,0.00,0.00,0.00,0.00,0.00,0.00,,,"000000",0,0,,"Non Payment",0,0,,,0
1078,125,10,145,159,0,0,0,0,0,0,,0,,0,0,,,0,$30.00,1/30/2026 0:00:00,"0",0,0,"PP",0,1,,"?",100,36,"000000","000000","000000",0,0,0,0,0,$30.00,0.00,0.00,0.00,0.00,0.00,0.00,0.00,0.00,0.00,,,"000000",0,0,,"Accepted",0,0,,,0
1079,125,10,114,159,0,0,0,0,0,0,,0,,0,0,,,0,$30.00,1/30/2026 0:00:00,"0",0,0,"PP",0,1,,"?",100,28,"000000","000000","000000",0,0,0,0,0,$30.00,0.00,0.00,0.00,0.00,0.00,0.00,0.00,0.00,0.00,,,"000000",0,0,,"Accepted",0,0,,,0
1080,125,10,155,159,0,0,0,0,0,0,,0,,0,0,,,0,$30.00,1/30/2026 0:00:00,"0",0,0,"PP",0,1,,"?",100,36,"000000","000000","000000",0,0,0,0,0,$30.00,0.00,0.00,0.00,0.00,0.00,0.00,0.00,0.00,0.00,,,"000000",0,0,,"Accepted",0,0,,,0
1082,127,10,145,160,0,0,0,0,0,0,,0,,0,0,,,0,$30.00,1/30/2026 0:00:00,"0",0,0,"PP",0,1,,"?",100,36,"000000","000000","000000",0,0,0,0,0,$30.00,0.00,0.00,0.00,0.00,0.00,0.00,0.00,0.00,0.00,,,"000000",0,0,,"Accepted",0,0,,,0
1083,127,10,114,160,0,0,0,0,0,0,,0,,0,0,,,0,$30.00,1/30/2026 0:00:00,"0",0,0,"PP",0,1,,"?",100,28,"000000","000000","000000",0,0,0,0,0,$30.00,0.00,0.00,0.00,0.00,0.00,0.00,0.00,0.00,0.00,,,"000000",0,0,,"Accepted",0,0,,,0
1084,127,10,155,160,0,0,0,0,0,0,,0,,0,0,,,0,$30.00,1/30/2026 0:00:00,"0",0,0,"PP",0,1,,"?",100,36,"000000","000000","000000",0,0,0,0,0,$30.00,0.00,0.00,0.00,0.00,0.00,0.00,0.00,0.00,0.00,,,"000000",0,0,,"Accepted",0,0,,,0
1086,128,10,161,161,0,0,0,0,0,0,,0,,0,0,,,0,$30.00,2/2/2026 0:00:00,"0",0,0,"PP",0,1,,"?",103,36,"000000","000000","000000",0,0,0,0,0,$30.00,0.00,0.00,0.00,0.00,0.00,0.00,0.00,0.00,0.00,,,"000000",0,0,,"Accepted",0,0,,,0
1087,128,10,155,161,0,0,0,0,0,0,,0,,0,0,,,0,$30.00,2/2/2026 0:00:00,"0",0,0,"PP",0,1,,"?",103,36,"000000","000000","000000",0,0,0,0,0,$30.00,0.00,0.00,0.00,0.00,0.00,0.00,0.00,0.00,0.00,,,"000000",0,0,,"Accepted",0,0,,,0
1088,128,10,140,161,0,0,0,0,0,0,,0,,0,0,,,0,$30.00,2/2/2026 0:00:00,"0",0,0,"PP",0,1,,"?",103,28,"000000","000000","000000",0,0,0,0,0,$30.00,0.00,0.00,0.00,0.00,0.00,0.00,0.00,0.00,0.00,,,"000000",0,0,,"Accepted",0,0,,,0
1090,72,10,161,162,0,0,0,0,0,0,,0,,0,0,,,0,$30.00,2/2/2026 0:00:00,"0",0,0,"5177",0,1,,"?",25,36,"000000","000000","000000",0,0,0,0,0,$30.00,0.00,0.00,0.00,0.00,0.00,0.00,0.00,0.00,0.00,,,"000000",0,0,,"Accepted",0,0,,,0
1091,72,10,140,162,0,0,0,0,0,0,,0,,0,0,,,0,$30.00,2/2/2026 0:00:00,"0",0,0,"5177",0,1,,"?",25,28,"000000","000000","000000",0,0,0,0,0,$30.00,0.00,0.00,0.00,0.00,0.00,0.00,0.00,0.00,0.00,,,"000000",0,0,,"Accepted",0,0,,,0
1092,72,10,157,162,0,0,0,0,0,0,,0,,0,0,,,0,$30.00,2/2/2026 0:00:00,"0",0,0,"5177",0,1,,"?",25,36,"000000","000000","000000",0,0,0,0,0,$30.00,0.00,0.00,0.00,0.00,0.00,0.00,0.00,0.00,0.00,,,"000000",0,0,,"Accepted",0,0,,,0
1093,73,10,162,163,0,0,0,0,0,0,,0,,0,0,,,0,$30.00,2/2/2026 0:00:00,"0",0,0,"5177",0,1,,"?",25,36,"000000","000000","000000",0,0,0,0,0,$30.00,0.00,0.00,0.00,0.00,0.00,0.00,0.00,0.00,0.00,,,"000000",0,0,,"Accepted",0,0,,,0
1094,73,10,151,163,0,0,0,0,0,0,,0,,0,0,,,0,$30.00,2/2/2026 0:00:00,"0",0,0,"5177",0,1,,"?",25,36,"000000","000000","000000",0,0,0,0,0,$30.00,0.00,0.00,0.00,0.00,0.00,0.00,0.00,0.00,0.00,,,"000000",0,0,,"Accepted",0,0,,,0
1095,73,10,141,163,0,0,0,0,0,0,,0,,0,0,,,0,$30.00,2/2/2026 0:00:00,"0",0,0,"5177",0,1,,"?",25,28,"000000","000000","000000",0,0,0,0,0,$30.00,0.00,0.00,0.00,0.00,0.00,0.00,0.00,0.00,0.00,,,"000000",0,0,,"Accepted",0,0,,,0
1113,69,10,162,165,0,0,0,0,0,0,,0,,0,0,,,0,$30.00,2/2/2026 0:00:00,"0",0,0,"155",0,1,,"?",10,36,"000000","000000","000000",0,0,0,0,0,$30.00,0.00,0.00,0.00,0.00,0.00,0.00,0.00,0.00,0.00,,,"000000",0,0,,"Accepted",0,0,,,0
1114,69,10,151,165,0,0,0,0,0,0,,0,,0,0,,,0,$30.00,2/2/2026 0:00:00,"0",0,0,"155",0,1,,"?",10,36,"000000","000000","000000",0,0,0,0,0,$30.00,0.00,0.00,0.00,0.00,0.00,0.00,0.00,0.00,0.00,,,"000000",0,0,,"Accepted",0,0,,,0
1115,69,10,159,165,0,0,0,0,0,0,,0,,0,0,,,0,$30.00,2/2/2026 0:00:00,"0",0,0,"155",0,1,,"?",10,36,"000000","000000","000000",0,0,0,0,0,$30.00,0.00,0.00,0.00,0.00,0.00,0.00,0.00,0.00,0.00,,,"000000",0,0,,"Accepted",0,0,,,0
1116,69,10,141,165,0,0,0,0,0,0,,0,,0,0,,,0,$30.00,2/2/2026 0:00:00,"0",0,0,"155",0,1,,"?",10,28,"000000","000000","000000",0,0,0,0,0,$30.00,0.00,0.00,0.00,0.00,0.00,0.00,0.00,0.00,0.00,,,"000000",0,0,,"Accepted",0,0,,,0
1117,70,10,146,166,0,0,0,0,0,0,,0,,0,0,,,0,$30.00,2/2/2026 0:00:00,"0",0,0,"155",0,1,,"?",10,36,"000000","000000","000000",0,0,0,0,0,$30.00,0.00,0.00,0.00,0.00,0.00,0.00,0.00,0.00,0.00,,,"000000",0,0,,"Accepted",0,0,,,0
1118,70,10,161,166,0,0,0,0,0,0,,0,,0,0,,,0,$30.00,2/2/2026 0:00:00,"0",0,0,"155",0,1,,"?",10,36,"000000","000000","000000",0,0,0,0,0,$30.00,0.00,0.00,0.00,0.00,0.00,0.00,0.00,0.00,0.00,,,"000000",0,0,,"Accepted",0,0,,,0
1119,70,10,149,166,0,0,0,0,0,0,,0,,0,0,,,0,$30.00,2/2/2026 0:00:00,"0",0,0,"155",0,1,,"?",10,36,"000000","000000","000000",0,0,0,0,0,$30.00,0.00,0.00,0.00,0.00,0.00,0.00,0.00,0.00,0.00,,,"000000",0,0,,"Accepted",0,0,,,0
1120,70,10,157,166,0,0,0,0,0,0,,0,,0,0,,,0,$30.00,2/2/2026 0:00:00,"0",0,0,"155",0,1,,"?",10,36,"000000","000000","000000",0,0,0,0,0,$30.00,0.00,0.00,0.00,0.00,0.00,0.00,0.00,0.00,0.00,,,"000000",0,0,,"Accepted",0,0,,,0
1121,70,10,169,166,0,0,0,0,0,0,,0,,0,0,,,0,$30.00,2/2/2026 0:00:00,"0",0,0,"155",0,1,,"?",10,36,"000000","000000","000000",0,0,0,0,0,$28.00,0.00,0.00,0.00,0.00,0.00,0.00,0.00,0.00,0.00,,,"000000",0,0,,"Accepted",0,0,,,0
1122,70,10,140,166,0,0,0,0,0,0,,0,,0,0,,,0,$30.00,2/2/2026 0:00:00,"0",0,0,"155",0,1,,"?",10,28,"000000","000000","000000",0,0,0,0,0,$30.00,0.00,0.00,0.00,0.00,0.00,0.00,0.00,0.00,0.00,,,"000000",0,0,,"Accepted",0,0,,,0
1124,56,10,146,167,0,0,0,0,0,0,,0,,0,0,,,0,$30.00,2/3/2026 0:00:00,"0",0,0,"PP",0,1,,"?",13,36,"000000","000000","000000",0,0,0,0,0,$30.00,0.00,0.00,0.00,0.00,0.00,0.00,0.00,0.00,0.00,,,"000000",0,0,,"Accepted",0,0,,,0
1125,56,10,149,167,0,0,0,0,0,0,,0,,0,0,,,0,$30.00,2/3/2026 0:00:00,"0",0,0,"PP",0,1,,"?",13,36,"000000","000000","000000",0,0,0,0,0,$30.00,0.00,0.00,0.00,0.00,0.00,0.00,0.00,0.00,0.00,,,"000000",0,0,,"Accepted",0,0,,,0
1126,56,10,115,167,0,0,0,0,0,0,,0,,0,0,,,0,$30.00,2/3/2026 0:00:00,"0",0,0,"PP",0,1,,"?",13,28,"000000","000000","000000",0,0,0,0,0,$30.00,0.00,0.00,0.00,0.00,0.00,0.00,0.00,0.00,0.00,,,"000000",0,0,,"Accepted",0,0,,,0
1127,55,10,146,168,0,0,0,0,0,0,,0,,0,0,,,0,$30.00,2/3/2026 0:00:00,"0",0,0,"PP",0,1,,"?",13,36,"000000","000000","000000",0,0,0,0,0,$30.00,0.00,0.00,0.00,0.00,0.00,0.00,0.00,0.00,0.00,,,"000000",0,0,,"Accepted",0,0,,,0
1128,55,10,149,168,0,0,0,0,0,0,,0,,0,0,,,0,$30.00,2/3/2026 0:00:00,"0",0,0,"PP",0,1,,"?",13,36,"000000","000000","000000",0,0,0,0,0,$30.00,0.00,0.00,0.00,0.00,0.00,0.00,0.00,0.00,0.00,,,"000000",0,0,,"Accepted",0,0,,,0
1129,55,10,115,168,0,0,0,0,0,0,,0,,0,0,,,0,$30.00,2/3/2026 0:00:00,"0",0,0,"PP",0,1,,"?",13,28,"000000","000000","000000",0,0,0,0,0,$30.00,0.00,0.00,0.00,0.00,0.00,0.00,0.00,0.00,0.00,,,"000000",0,0,,"Accepted",0,0,,,0
1130,101,10,161,169,0,0,0,0,0,0,,0,,0,0,,,0,$30.00,2/3/2026 0:00:00,"0",0,0,"PP",0,1,,"?",27,36,"000000","000000","000000",0,0,0,0,0,$30.00,0.00,0.00,0.00,0.00,0.00,0.00,0.00,0.00,0.00,,,"000000",0,0,,"Accepted",0,0,,,0
1131,101,10,157,169,0,0,0,0,0,0,,0,,0,0,,,0,$30.00,2/3/2026 0:00:00,"0",0,0,"PP",0,1,,"?",27,36,"000000","000000","000000",0,0,0,0,0,$30.00,0.00,0.00,0.00,0.00,0.00,0.00,0.00,0.00,0.00,,,"000000",0,0,,"Accepted",0,0,,,0
1132,101,10,140,169,0,0,0,0,0,0,,0,,0,0,,,0,$30.00,2/3/2026 0:00:00,"0",0,0,"PP",0,1,,"?",27,28,"000000","000000","000000",0,0,0,0,0,$30.00,0.00,0.00,0.00,0.00,0.00,0.00,0.00,0.00,0.00,,,"000000",0,0,,"Accepted",0,0,,,0
1133,99,10,145,170,0,0,0,0,0,0,,0,,0,0,,,0,$30.00,2/3/2026 0:00:00,"0",0,0,"PP",0,1,,"?",27,36,"000000","000000","000000",0,0,0,0,0,$30.00,0.00,0.00,0.00,0.00,0.00,0.00,0.00,0.00,0.00,,,"000000",0,0,,"Accepted",0,0,,,0
1134,99,10,155,170,0,0,0,0,0,0,,0,,0,0,,,0,$30.00,2/3/2026 0:00:00,"0",0,0,"PP",0,1,,"?",27,36,"000000","000000","000000",0,0,0,0,0,$30.00,0.00,0.00,0.00,0.00,0.00,0.00,0.00,0.00,0.00,,,"000000",0,0,,"Accepted",0,0,,,0
1135,99,10,168,170,0,0,0,0,0,0,,0,,0,0,,,0,$30.00,2/3/2026 0:00:00,"0",0,0,"PP",0,1,,"?",27,36,"000000","000000","000000",0,0,0,0,0,$28.00,0.00,0.00,0.00,0.00,0.00,0.00,0.00,0.00,0.00,,,"000000",0,0,,"Accepted",0,0,,,0
1136,99,10,114,170,0,0,0,0,0,0,,0,,0,0,,,0,$30.00,2/3/2026 0:00:00,"0",0,0,"PP",0,1,,"?",27,28,"000000","000000","000000",0,0,0,0,0,$30.00,0.00,0.00,0.00,0.00,0.00,0.00,0.00,0.00,0.00,,,"000000",0,0,,"Accepted",0,0,,,0
1137,99,10,165,170,0,0,0,0,0,0,,0,,0,0,,,0,$30.00,2/3/2026 0:00:00,"0",0,0,"PP",0,1,,"?",27,28,"000000","000000","000000",0,0,0,0,0,$28.00,0.00,0.00,0.00,0.00,0.00,0.00,0.00,0.00,0.00,,,"000000",0,0,,"Accepted",0,0,,,0
1142,82,10,161,171,0,0,0,0,0,0,,0,,0,0,,,0,$30.00,2/8/2026 0:00:00,"0",0,0,"PP",0,1,,"?",76,36,"000000","000000","000000",0,0,0,0,0,$30.00,0.00,0.00,0.00,0.00,0.00,0.00,0.00,0.00,0.00,,,"000000",0,0,,"Accepted",0,0,,,0
1143,82,10,155,171,0,0,0,0,0,0,,0,,0,0,,,0,$30.00,2/8/2026 0:00:00,"0",0,0,"PP",0,1,,"?",76,36,"000000","000000","000000",0,0,0,0,0,$30.00,0.00,0.00,0.00,0.00,0.00,0.00,0.00,0.00,0.00,,,"000000",0,0,,"Accepted",0,0,,,0
1144,82,10,140,171,0,0,0,0,0,0,,0,,0,0,,,0,$30.00,2/8/2026 0:00:00,"0",0,0,"PP",0,1,,"?",76,28,"000000","000000","000000",0,0,0,0,0,$30.00,0.00,0.00,0.00,0.00,0.00,0.00,0.00,0.00,0.00,,,"000000",0,0,,"Accepted",0,0,,,0
1145,82,10,168,171,0,0,0,0,0,0,,0,,0,0,,,0,$30.00,2/8/2026 0:00:00,"0",0,0,"PP",0,1,,"?",76,36,"000000","000000","000000",0,0,0,0,0,$28.00,0.00,0.00,0.00,0.00,0.00,0.00,0.00,0.00,0.00,,,"000000",0,0,,"Accepted",0,0,,,0
1147,54,10,161,172,0,0,0,0,0,0,,0,,0,0,,,0,$30.00,2/9/2026 0:00:00,"0",0,0,"289",0,1,,"?",64,36,"000000","000000","000000",0,0,0,0,0,$30.00,0.00,0.00,0.00,0.00,0.00,0.00,0.00,0.00,0.00,,,"000000",0,0,,"Accepted",0,0,,,0
1148,54,10,157,172,0,0,0,0,0,0,,0,,0,0,,,0,$30.00,2/9/2026 0:00:00,"0",0,0,"289",0,1,,"?",64,36,"000000","000000","000000",0,0,0,0,0,$30.00,0.00,0.00,0.00,0.00,0.00,0.00,0.00,0.00,0.00,,,"000000",0,0,,"Accepted",0,0,,,0
1149,54,10,169,172,0,0,0,0,0,0,,0,,0,0,,,0,$30.00,2/9/2026 0:00:00,"0",0,0,"289",0,1,,"?",64,36,"000000","000000","000000",0,0,0,0,0,$28.00,0.00,0.00,0.00,0.00,0.00,0.00,0.00,0.00,0.00,,,"000000",0,0,,"Accepted",0,0,,,0
1150,54,10,140,172,0,0,0,0,0,0,,0,,0,0,,,0,$30.00,2/9/2026 0:00:00,"0",0,0,"289",0,1,,"?",64,28,"000000","000000","000000",0,0,0,0,0,$30.00,0.00,0.00,0.00,0.00,0.00,0.00,0.00,0.00,0.00,,,"000000",0,0,,"Accepted",0,0,,,0
1224,107,10,163,190,0,0,0,0,0,0,,0,,0,0,,,0,$30.00,2/9/2026 0:00:00,"0",0,0,"PP",0,1,,"?",26,36,"000000","000000","000000",0,0,0,0,0,$30.00,0.00,0.00,0.00,0.00,0.00,0.00,0.00,0.00,0.00,,,"000000",0,0,,"Accepted",0,0,,,0
1225,107,10,159,190,0,0,0,0,0,0,,0,,0,0,,,0,$30.00,2/9/2026 0:00:00,"0",0,0,"PP",0,1,,"?",26,36,"000000","000000","000000",0,0,0,0,0,$30.00,0.00,0.00,0.00,0.00,0.00,0.00,0.00,0.00,0.00,,,"000000",0,0,,"Accepted",0,0,,,0
1226,107,10,142,190,0,0,0,0,0,0,,0,,0,0,,,0,$30.00,2/9/2026 0:00:00,"0",0,0,"PP",0,1,,"?",26,28,"000000","000000","000000",0,0,0,0,0,$30.00,0.00,0.00,0.00,0.00,0.00,0.00,0.00,0.00,0.00,,,"000000",0,0,,"Accepted",0,0,,,0
1230,106,10,162,192,0,0,0,0,0,0,,0,,0,0,,,0,$30.00,2/9/2026 0:00:00,"0",0,0,"PP",0,1,,"?",26,36,"000000","000000","000000",0,0,0,0,0,$30.00,0.00,0.00,0.00,0.00,0.00,0.00,0.00,0.00,0.00,,,"000000",0,0,,"Accepted",0,0,,,0
1231,106,10,159,192,0,0,0,0,0,0,,0,,0,0,,,0,$30.00,2/9/2026 0:00:00,"0",0,0,"PP",0,1,,"?",26,36,"000000","000000","000000",0,0,0,0,0,$30.00,0.00,0.00,0.00,0.00,0.00,0.00,0.00,0.00,0.00,,,"000000",0,0,,"Accepted",0,0,,,0
1232,106,10,141,192,0,0,0,0,0,0,,0,,0,0,,,0,$30.00,2/9/2026 0:00:00,"0",0,0,"PP",0,1,,"?",26,28,"000000","000000","000000",0,0,0,0,0,$30.00,0.00,0.00,0.00,0.00,0.00,0.00,0.00,0.00,0.00,,,"000000",0,0,,"Accepted",0,0,,,0
1239,142,10,145,195,0,0,0,0,0,0,,0,,0,0,,,0,$30.00,2/9/2026 0:00:00,"0",0,0,"pp",0,1,,"?",67,36,"000000","000000","000000",0,0,0,0,0,$30.00,0.00,0.00,0.00,0.00,0.00,0.00,0.00,0.00,0.00,,,"000000",0,0,,"Accepted",0,0,,,0
1242,146,10,155,196,0,0,0,0,0,0,,0,,0,0,,,0,$30.00,2/9/2026 0:00:00,"0",0,0,"PP",0,1,,"?",67,36,"000000","000000","000000",0,0,0,0,0,$30.00,0.00,0.00,0.00,0.00,0.00,0.00,0.00,0.00,0.00,,,"000000",0,0,,"Accepted",0,0,,,0
1243,147,10,168,197,0,0,0,0,0,0,,0,,0,0,,,0,$30.00,2/9/2026 0:00:00,"0",0,0,"PP",0,1,,"?",67,36,"000000","000000","000000",0,0,0,0,0,$28.00,0.00,0.00,0.00,0.00,0.00,0.00,0.00,0.00,0.00,,,"000000",0,0,,"Accepted",0,0,,,0
1245,67,10,145,198,0,0,0,0,0,0,,0,,0,0,,,0,$30.00,2/10/2026 0:00:00,"0",0,0,"PP",0,1,,"?",73,36,"000000","000000","000000",0,0,0,0,0,$30.00,0.00,0.00,0.00,0.00,0.00,0.00,0.00,0.00,0.00,,,"000000",0,0,,"Accepted",0,0,,,0
1246,67,10,155,198,0,0,0,0,0,0,,0,,0,0,,,0,$30.00,2/10/2026 0:00:00,"0",0,0,"PP",0,1,,"?",73,36,"000000","000000","000000",0,0,0,0,0,$30.00,0.00,0.00,0.00,0.00,0.00,0.00,0.00,0.00,0.00,,,"000000",0,0,,"Accepted",0,0,,,0
1247,67,10,168,198,0,0,0,0,0,0,,0,,0,0,,,0,$30.00,2/10/2026 0:00:00,"0",0,0,"PP",0,1,,"?",73,36,"000000","000000","000000",0,0,0,0,0,$28.00,0.00,0.00,0.00,0.00,0.00,0.00,0.00,0.00,0.00,,,"000000",0,0,,"Accepted",0,0,,,0
1248,67,10,114,198,0,0,0,0,0,0,,0,,0,0,,,0,$30.00,2/10/2026 0:00:00,"0",0,0,"PP",0,1,,"?",73,28,"000000","000000","000000",0,0,0,0,0,$30.00,0.00,0.00,0.00,0.00,0.00,0.00,0.00,0.00,0.00,,,"000000",0,0,,"Accepted",0,0,,,0
1249,148,10,145,199,0,0,0,0,0,0,,0,,0,0,,,0,$30.00,2/10/2026 0:00:00,"0",0,0,"PP",0,1,,"?",86,36,"000000","000000","000000",0,0,0,0,0,$30.00,0.00,0.00,0.00,0.00,0.00,0.00,0.00,0.00,0.00,,,"000000",0,0,,"Accepted",0,0,,,0
1250,148,10,114,199,0,0,0,0,0,0,,0,,0,0,,,0,$30.00,2/10/2026 0:00:00,"0",0,0,"PP",0,1,,"?",86,28,"000000","000000","000000",0,0,0,0,0,$30.00,0.00,0.00,0.00,0.00,0.00,0.00,0.00,0.00,0.00,,,"000000",0,0,,"Accepted",0,0,,,0
1251,102,10,145,200,0,0,0,0,0,0,,0,,0,0,,,0,$30.00,2/10/2026 0:00:00,"0",0,0,"PP",0,1,,"?",86,36,"000000","000000","000000",0,0,0,0,0,$30.00,0.00,0.00,0.00,0.00,0.00,0.00,0.00,0.00,0.00,,,"000000",0,0,,"Accepted",0,0,,,0
1252,102,10,155,200,0,0,0,0,0,0,,0,,0,0,,,0,$30.00,2/10/2026 0:00:00,"0",0,0,"PP",0,1,,"?",86,36,"000000","000000","000000",0,0,0,0,0,$30.00,0.00,0.00,0.00,0.00,0.00,0.00,0.00,0.00,0.00,,,"000000",0,0,,"Accepted",0,0,,,0
1253,102,10,168,200,0,0,0,0,0,0,,0,,0,0,,,0,$30.00,2/10/2026 0:00:00,"0",0,0,"PP",0,1,,"?",86,36,"000000","000000","000000",0,0,0,0,0,$28.00,0.00,0.00,0.00,0.00,0.00,0.00,0.00,0.00,0.00,,,"000000",0,0,,"Accepted",0,0,,,0
1254,102,10,114,200,0,0,0,0,0,0,,0,,0,0,,,0,$30.00,2/10/2026 0:00:00,"0",0,0,"PP",0,1,,"?",86,28,"000000","000000","000000",0,0,0,0,0,$30.00,0.00,0.00,0.00,0.00,0.00,0.00,0.00,0.00,0.00,,,"000000",0,0,,"Accepted",0,0,,,0
1255,100,10,145,201,0,0,0,0,0,0,,0,,0,0,,,0,$30.00,2/10/2026 0:00:00,"0",0,0,"PP",0,1,,"?",84,36,"000000","000000","000000",0,0,0,0,0,$30.00,0.00,0.00,0.00,0.00,0.00,0.00,0.00,0.00,0.00,,,"000000",0,0,,"Accepted",0,0,,,0
1256,100,10,155,201,0,0,0,0,0,0,,0,,0,0,,,0,$30.00,2/10/2026 0:00:00,"0",0,0,"PP",0,1,,"?",84,36,"000000","000000","000000",0,0,0,0,0,$30.00,0.00,0.00,0.00,0.00,0.00,0.00,0.00,0.00,0.00,,,"000000",0,0,,"Accepted",0,0,,,0
1257,100,10,168,201,0,0,0,0,0,0,,0,,0,0,,,0,$30.00,2/10/2026 0:00:00,"0",0,0,"PP",0,1,,"?",84,36,"000000","000000","000000",0,0,0,0,0,$28.00,0.00,0.00,0.00,0.00,0.00,0.00,0.00,0.00,0.00,,,"000000",0,0,,"Accepted",0,0,,,0
1258,100,10,114,201,0,0,0,0,0,0,,0,,0,0,,,0,$30.00,2/10/2026 0:00:00,"0",0,0,"PP",0,1,,"?",84,28,"000000","000000","000000",0,0,0,0,0,$30.00,0.00,0.00,0.00,0.00,0.00,0.00,0.00,0.00,0.00,,,"000000",0,0,,"Accepted",0,0,,,0
1259,98,10,145,202,0,0,0,0,0,0,,0,,0,0,,,0,$30.00,2/10/2026 0:00:00,"0",0,0,"PP",0,1,,"?",84,36,"000000","000000","000000",0,0,0,0,0,$30.00,0.00,0.00,0.00,0.00,0.00,0.00,0.00,0.00,0.00,,,"000000",0,0,,"Accepted",0,0,,,0
1260,98,10,114,202,0,0,0,0,0,0,,0,,0,0,,,0,$30.00,2/10/2026 0:00:00,"0",0,0,"PP",0,1,,"?",84,28,"000000","000000","000000",0,0,0,0,0,$30.00,0.00,0.00,0.00,0.00,0.00,0.00,0.00,0.00,0.00,,,"000000",0,0,,"Accepted",0,0,,,0
1262,74,10,145,203,0,0,0,0,0,0,,0,,0,0,,,0,$30.00,2/10/2026 0:00:00,"0",0,0,"106",0,1,,"?",74,36,"000000","000000","000000",0,0,0,0,0,$30.00,0.00,0.00,0.00,0.00,0.00,0.00,0.00,0.00,0.00,,,"000000",0,0,,"Accepted",0,0,,,0
1263,74,10,168,203,0,0,0,0,0,0,,0,,0,0,,,0,$30.00,2/10/2026 0:00:00,"0",0,0,"106",0,1,,"?",74,36,"000000","000000","000000",0,0,0,0,0,$28.00,0.00,0.00,0.00,0.00,0.00,0.00,0.00,0.00,0.00,,,"000000",0,0,,"Accepted",0,0,,,0
1264,74,10,114,203,0,0,0,0,0,0,,0,,0,0,,,0,$30.00,2/10/2026 0:00:00,"0",0,0,"106",0,1,,"?",74,28,"000000","000000","000000",0,0,0,0,0,$30.00,0.00,0.00,0.00,0.00,0.00,0.00,0.00,0.00,0.00,,,"000000",0,0,,"Accepted",0,0,,,0
1266,93,10,162,204,0,0,0,0,0,0,,0,,0,0,,,0,$30.00,2/10/2026 0:00:00,"0",0,0,"PP",0,1,,"?",32,36,"000000","000000","000000",0,0,0,0,0,$30.00,0.00,0.00,0.00,0.00,0.00,0.00,0.00,0.00,0.00,,,"000000",0,0,,"Accepted",0,0,,,0
1267,93,10,151,204,0,0,0,0,0,0,,0,,0,0,,,0,$30.00,2/10/2026 0:00:00,"0",0,0,"PP",0,1,,"?",32,36,"000000","000000","000000",0,0,0,0,0,$30.00,0.00,0.00,0.00,0.00,0.00,0.00,0.00,0.00,0.00,,,"000000",0,0,,"Accepted",0,0,,,0
1268,93,10,141,204,0,0,0,0,0,0,,0,,0,0,,,0,$30.00,2/10/2026 0:00:00,"0",0,0,"PP",0,1,,"?",32,28,"000000","000000","000000",0,0,0,0,0,$30.00,0.00,0.00,0.00,0.00,0.00,0.00,0.00,0.00,0.00,,,"000000",0,0,,"Accepted",0,0,,,0
1270,149,10,146,205,0,0,0,0,0,0,,0,,0,0,,,0,$30.00,2/10/2026 0:00:00,"0",0,0,"PP",0,1,,"?",117,36,"000000","000000","000000",0,0,0,0,0,$30.00,0.00,0.00,0.00,0.00,0.00,0.00,0.00,0.00,0.00,,,"000000",0,0,,"Accepted",0,0,,,0
1271,149,10,149,205,0,0,0,0,0,0,,0,,0,0,,,0,$30.00,2/10/2026 0:00:00,"0",0,0,"PP",0,1,,"?",117,36,"000000","000000","000000",0,0,0,0,0,$30.00,0.00,0.00,0.00,0.00,0.00,0.00,0.00,0.00,0.00,,,"000000",0,0,,"Accepted",0,0,,,0
1272,149,10,115,205,0,0,0,0,0,0,,0,,0,0,,,0,$30.00,2/10/2026 0:00:00,"0",0,0,"PP",0,1,,"?",117,28,"000000","000000","000000",0,0,0,0,0,$30.00,0.00,0.00,0.00,0.00,0.00,0.00,0.00,0.00,0.00,,,"000000",0,0,,"Accepted",0,0,,,0
1273,149,10,169,205,0,0,0,0,0,0,,0,,0,0,,,0,$30.00,2/10/2026 0:00:00,"0",0,0,"PP",0,1,,"?",117,36,"000000","000000","000000",0,0,0,0,0,$28.00,0.00,0.00,0.00,0.00,0.00,0.00,0.00,0.00,0.00,,,"000000",0,0,,"Accepted",0,0,,,0
1275,150,10,145,206,0,0,0,0,0,0,,0,,0,0,,,0,$30.00,2/10/2026 0:00:00,"0",0,0,"PP",0,1,,"?",118,36,"000000","000000","000000",0,0,0,0,0,$30.00,0.00,0.00,0.00,0.00,0.00,0.00,0.00,0.00,0.00,,,"000000",0,0,,"Accepted",0,0,,,0
1276,150,10,157,206,0,0,0,0,0,0,,0,,0,0,,,0,$30.00,2/10/2026 0:00:00,"0",0,0,"PP",0,1,,"?",118,36,"000000","000000","000000",0,0,0,0,0,$30.00,0.00,0.00,0.00,0.00,0.00,0.00,0.00,0.00,0.00,,,"000000",0,0,,"Accepted",0,0,,,0
1277,150,10,114,206,0,0,0,0,0,0,,0,,0,0,,,0,$30.00,2/10/2026 0:00:00,"0",0,0,"PP",0,1,,"?",118,28,"000000","000000","000000",0,0,0,0,0,$30.00,0.00,0.00,0.00,0.00,0.00,0.00,0.00,0.00,0.00,,,"000000",0,0,,"Accepted",0,0,,,0
1278,150,10,168,206,0,0,0,0,0,0,,0,,0,0,,,0,$30.00,2/10/2026 0:00:00,"0",0,0,"PP",0,1,,"?",118,36,"000000","000000","000000",0,0,0,0,0,$28.00,0.00,0.00,0.00,0.00,0.00,0.00,0.00,0.00,0.00,,,"000000",0,0,,"Accepted",0,0,,,0
1279,111,10,153,207,0,0,0,0,0,0,,0,,0,0,,,0,$30.00,2/10/2026 0:00:00,"0",0,0,"PP",0,1,,"?",33,36,"000000","000000","000000",0,0,0,0,0,$30.00,0.00,0.00,0.00,0.00,0.00,0.00,0.00,0.00,0.00,,,"000000",0,0,,"Accepted",0,0,,,0
1280,111,10,143,207,0,0,0,0,0,0,,0,,0,0,,,0,$30.00,2/10/2026 0:00:00,"0",0,0,"PP",0,1,,"?",33,28,"000000","000000","000000",0,0,0,0,0,$30.00,0.00,0.00,0.00,0.00,0.00,0.00,0.00,0.00,0.00,,,"000000",0,0,,"Accepted",0,0,,,0
1281,110,10,153,208,0,0,0,0,0,0,,0,,0,0,,,0,$30.00,2/10/2026 0:00:00,"0",0,0,"PP",0,1,,"?",33,36,"000000","000000","000000",0,0,0,0,0,$30.00,0.00,0.00,0.00,0.00,0.00,0.00,0.00,0.00,0.00,,,"000000",0,0,,"Accepted",0,0,,,0
1282,110,10,143,208,0,0,0,0,0,0,,0,,0,0,,,0,$30.00,2/10/2026 0:00:00,"0",0,0,"PP",0,1,,"?",33,28,"000000","000000","000000",0,0,0,0,0,$30.00,0.00,0.00,0.00,0.00,0.00,0.00,0.00,0.00,0.00,,,"000000",0,0,,"Accepted",0,0,,,0
1283,140,10,153,209,0,0,0,0,0,0,,0,,0,0,,,0,$30.00,2/10/2026 0:00:00,"0",0,0,"PP",0,1,,"?",114,36,"000000","000000","000000",0,0,0,0,0,$30.00,0.00,0.00,0.00,0.00,0.00,0.00,0.00,0.00,0.00,,,"000000",0,0,,"Accepted",0,0,,,0
1284,140,10,143,209,0,0,0,0,0,0,,0,,0,0,,,0,$30.00,2/10/2026 0:00:00,"0",0,0,"PP",0,1,,"?",114,28,"000000","000000","000000",0,0,0,0,0,$30.00,0.00,0.00,0.00,0.00,0.00,0.00,0.00,0.00,0.00,,,"000000",0,0,,"Accepted",0,0,,,0
1285,133,10,153,210,0,0,0,0,0,0,,0,,0,0,,,0,$30.00,2/10/2026 0:00:00,"0",0,0,"PP",0,1,,"?",21,36,"000000","000000","000000",0,0,0,0,0,$30.00,0.00,0.00,0.00,0.00,0.00,0.00,0.00,0.00,0.00,,,"000000",0,0,,"Accepted",0,0,,,0
1286,133,10,143,210,0,0,0,0,0,0,,0,,0,0,,,0,$30.00,2/10/2026 0:00:00,"0",0,0,"PP",0,1,,"?",21,28,"000000","000000","000000",0,0,0,0,0,$30.00,0.00,0.00,0.00,0.00,0.00,0.00,0.00,0.00,0.00,,,"000000",0,0,,"Accepted",0,0,,,0
1295,143,10,153,215,0,0,0,0,0,0,,0,,0,0,,,0,$30.00,2/10/2026 0:00:00,"0",0,0,"PP",0,1,,"?",107,36,"000000","000000","000000",0,0,0,0,0,$30.00,0.00,0.00,0.00,0.00,0.00,0.00,0.00,0.00,0.00,,,"000000",0,0,,"Accepted",0,0,,,0
1296,143,10,143,215,0,0,0,0,0,0,,0,,0,0,,,0,$30.00,2/10/2026 0:00:00,"0",0,0,"PP",0,1,,"?",107,28,"000000","000000","000000",0,0,0,0,0,$30.00,0.00,0.00,0.00,0.00,0.00,0.00,0.00,0.00,0.00,,,"000000",0,0,,"Accepted",0,0,,,0
1297,141,10,153,216,0,0,0,0,0,0,,0,,0,0,,,0,$30.00,2/10/2026 0:00:00,"0",0,0,"PP",0,1,,"?",107,36,"000000","000000","000000",0,0,0,0,0,$30.00,0.00,0.00,0.00,0.00,0.00,0.00,0.00,0.00,0.00,,,"000000",0,0,,"Accepted",0,0,,,0
1298,141,10,143,216,0,0,0,0,0,0,,0,,0,0,,,0,$30.00,2/10/2026 0:00:00,"0",0,0,"PP",0,1,,"?",107,28,"000000","000000","000000",0,0,0,0,0,$30.00,0.00,0.00,0.00,0.00,0.00,0.00,0.00,0.00,0.00,,,"000000",0,0,,"Accepted",0,0,,,0
1299,134,10,153,217,0,0,0,0,0,0,,0,,0,0,,,0,$30.00,2/10/2026 0:00:00,"0",0,0,"PP",0,1,,"?",111,36,"000000","000000","000000",0,0,0,0,0,$30.00,0.00,0.00,0.00,0.00,0.00,0.00,0.00,0.00,0.00,,,"000000",0,0,,"Accepted",0,0,,,0
1300,134,10,143,217,0,0,0,0,0,0,,0,,0,0,,,0,$30.00,2/10/2026 0:00:00,"0",0,0,"PP",0,1,,"?",111,28,"000000","000000","000000",0,0,0,0,0,$30.00,0.00,0.00,0.00,0.00,0.00,0.00,0.00,0.00,0.00,,,"000000",0,0,,"Accepted",0,0,,,0
1308,135,10,153,222,0,0,0,0,0,0,,0,,0,0,,,0,$30.00,2/10/2026 0:00:00,"0",0,0,"PP",0,1,,"?",112,36,"000000","000000","000000",0,0,0,0,0,$30.00,0.00,0.00,0.00,0.00,0.00,0.00,0.00,0.00,0.00,,,"000000",0,0,,"Accepted",0,0,,,0
1309,135,10,143,222,0,0,0,0,0,0,,0,,0,0,,,0,$30.00,2/10/2026 0:00:00,"0",0,0,"PP",0,1,,"?",112,28,"000000","000000","000000",0,0,0,0,0,$30.00,0.00,0.00,0.00,0.00,0.00,0.00,0.00,0.00,0.00,,,"000000",0,0,,"Accepted",0,0,,,0
1317,109,10,153,226,0,0,0,0,0,0,,0,,0,0,,,0,$30.00,2/10/2026 0:00:00,"0",0,0,,0,1,,"?",22,36,"000000","000000","000000",0,0,0,0,0,$30.00,0.00,0.00,0.00,0.00,0.00,0.00,0.00,0.00,0.00,,,"000000",0,0,,"Accepted",0,0,,,0
1318,109,10,143,226,0,0,0,0,0,0,,0,,0,0,,,0,$30.00,2/10/2026 0:00:00,"0",0,0,,0,1,,"?",22,28,"000000","000000","000000",0,0,0,0,0,$30.00,0.00,0.00,0.00,0.00,0.00,0.00,0.00,0.00,0.00,,,"000000",0,0,,"Accepted",0,0,,,0
1333,84,10,163,229,0,0,0,0,0,0,,0,,0,0,,,0,$30.00,2/10/2026 0:00:00,"0",0,0,,0,1,,"?",77,36,"000000","000000","000000",0,0,0,0,0,$30.00,0.00,0.00,0.00,0.00,0.00,0.00,0.00,0.00,0.00,,,"000000",0,0,,"Accepted",0,0,,,0
1334,84,10,142,229,0,0,0,0,0,0,,0,,0,0,,,0,$30.00,2/10/2026 0:00:00,"0",0,0,,0,1,,"?",77,28,"000000","000000","000000",0,0,0,0,0,$30.00,0.00,0.00,0.00,0.00,0.00,0.00,0.00,0.00,0.00,,,"000000",0,0,,"Accepted",0,0,,,0
1335,83,10,159,219,0,0,0,0,0,0,,0,,0,0,,,0,$30.00,2/10/2026 0:00:00,"0",0,0,,0,1,,"?",77,36,"000000","000000","000000",0,0,0,0,0,$30.00,0.00,0.00,0.00,0.00,0.00,0.00,0.00,0.00,0.00,,,"000000",0,0,,"Accepted",0,0,,,0
1363,96,10,153,234,0,0,0,0,0,0,,0,,0,0,,,0,$30.00,2/10/2026 0:00:00,"0",0,0,,0,1,,"?",24,36,"000000","000000","000000",0,0,0,0,0,$30.00,0.00,0.00,0.00,0.00,0.00,0.00,0.00,0.00,0.00,,,"000000",0,0,,"Accepted",0,0,,,0
1364,96,10,143,234,0,0,0,0,0,0,,0,,0,0,,,0,$30.00,2/10/2026 0:00:00,"0",0,0,,0,1,,"?",24,28,"000000","000000","000000",0,0,0,0,0,$30.00,0.00,0.00,0.00,0.00,0.00,0.00,0.00,0.00,0.00,,,"000000",0,0,,"Accepted",0,0,,,0
1369,88,10,153,237,0,0,0,0,0,0,,0,,0,0,,,0,$30.00,2/10/2026 0:00:00,"0",0,0,,0,1,,"?",31,36,"000000","000000","000000",0,0,0,0,0,$30.00,0.00,0.00,0.00,0.00,0.00,0.00,0.00,0.00,0.00,,,"000000",0,0,,"Accepted",0,0,,,0
1370,88,10,143,237,0,0,0,0,0,0,,0,,0,0,,,0,$30.00,2/10/2026 0:00:00,"0",0,0,,0,1,,"?",31,28,"000000","000000","000000",0,0,0,0,0,$30.00,0.00,0.00,0.00,0.00,0.00,0.00,0.00,0.00,0.00,,,"000000",0,0,,"Accepted",0,0,,,0
1375,138,10,161,240,0,0,0,0,0,0,,0,,0,0,,,0,$30.00,2/10/2026 0:00:00,"0",0,0,,0,1,,"?",113,36,"000000","000000","000000",0,0,0,0,0,$30.00,0.00,0.00,0.00,0.00,0.00,0.00,0.00,0.00,0.00,,,"000000",0,0,,"Accepted",0,0,,,0
1376,138,10,149,240,0,0,0,0,0,0,,0,,0,0,,,0,$30.00,2/10/2026 0:00:00,"0",0,0,,0,1,,"?",113,36,"000000","000000","000000",0,0,0,0,0,$30.00,0.00,0.00,0.00,0.00,0.00,0.00,0.00,0.00,0.00,,,"000000",0,0,,"Accepted",0,0,,,0
1377,138,10,140,240,0,0,0,0,0,0,,0,,0,0,,,0,$30.00,2/10/2026 0:00:00,"0",0,0,,0,1,,"?",113,28,"000000","000000","000000",0,0,0,0,0,$30.00,0.00,0.00,0.00,0.00,0.00,0.00,0.00,0.00,0.00,,,"000000",0,0,,"Accepted",0,0,,,0
1378,138,10,165,240,0,0,0,0,0,0,,0,,0,0,,,0,$30.00,2/10/2026 0:00:00,"0",0,0,,0,1,,"?",113,28,"000000","000000","000000",0,0,0,0,0,$28.00,0.00,0.00,0.00,0.00,0.00,0.00,0.00,0.00,0.00,,,"000000",0,0,,"Accepted",0,0,,,0
1379,136,10,146,241,0,0,0,0,0,0,,0,,0,0,,,0,$30.00,2/10/2026 0:00:00,"0",0,0,,0,1,,"?",113,36,"000000","000000","000000",0,0,0,0,0,$30.00,0.00,0.00,0.00,0.00,0.00,0.00,0.00,0.00,0.00,,,"000000",0,0,,"Accepted",0,0,,,0
1380,136,10,157,241,0,0,0,0,0,0,,0,,0,0,,,0,$30.00,2/10/2026 0:00:00,"0",0,0,,0,1,,"?",113,36,"000000","000000","000000",0,0,0,0,0,$30.00,0.00,0.00,0.00,0.00,0.00,0.00,0.00,0.00,0.00,,,"000000",0,0,,"Accepted",0,0,,,0
1381,136,10,169,241,0,0,0,0,0,0,,0,,0,0,,,0,$30.00,2/10/2026 0:00:00,"0",0,0,,0,1,,"?",113,36,"000000","000000","000000",0,0,0,0,0,$28.00,0.00,0.00,0.00,0.00,0.00,0.00,0.00,0.00,0.00,,,"000000",0,0,,"Accepted",0,0,,,0
1382,136,10,115,241,0,0,0,0,0,0,,0,,0,0,,,0,$30.00,2/10/2026 0:00:00,"0",0,0,,0,1,,"?",113,28,"000000","000000","000000",0,0,0,0,0,$30.00,0.00,0.00,0.00,0.00,0.00,0.00,0.00,0.00,0.00,,,"000000",0,0,,"Accepted",0,0,,,0
1384,130,10,163,242,0,0,0,0,0,0,,0,,0,0,,,0,$30.00,2/10/2026 0:00:00,"0",0,0,,0,1,,"?",107,36,"000000","000000","000000",0,0,0,0,0,$30.00,0.00,0.00,0.00,0.00,0.00,0.00,0.00,0.00,0.00,,,"000000",0,0,,"Accepted",0,0,,,0
1385,130,10,159,242,0,0,0,0,0,0,,0,,0,0,,,0,$30.00,2/10/2026 0:00:00,"0",0,0,,0,1,,"?",107,36,"000000","000000","000000",0,0,0,0,0,$30.00,0.00,0.00,0.00,0.00,0.00,0.00,0.00,0.00,0.00,,,"000000",0,0,,"Accepted",0,0,,,0
1386,130,10,142,242,0,0,0,0,0,0,,0,,0,0,,,0,$30.00,2/10/2026 0:00:00,"0",0,0,,0,1,,"?",107,28,"000000","000000","000000",0,0,0,0,0,$30.00,0.00,0.00,0.00,0.00,0.00,0.00,0.00,0.00,0.00,,,"000000",0,0,,"Accepted",0,0,,,0
1387,90,10,161,243,0,0,0,0,0,0,,0,,0,0,,,0,$30.00,2/10/2026 0:00:00,"0",0,0,,0,1,,"?",82,36,"000000","000000","000000",0,0,0,0,0,$30.00,0.00,0.00,0.00,0.00,0.00,0.00,0.00,0.00,0.00,,,"000000",0,0,,"Accepted",0,0,,,0
1388,90,10,162,243,0,0,0,0,0,0,,0,,0,0,,,0,$30.00,2/10/2026 0:00:00,"0",0,0,,0,1,,"?",82,36,"000000","000000","000000",0,0,0,0,0,$30.00,0.00,0.00,0.00,0.00,0.00,0.00,0.00,0.00,0.00,,,"000000",0,0,,"Accepted",0,0,,,0
1389,90,10,151,243,0,0,0,0,0,0,,0,,0,0,,,0,$30.00,2/10/2026 0:00:00,"0",0,0,,0,1,,"?",82,36,"000000","000000","000000",0,0,0,0,0,$30.00,0.00,0.00,0.00,0.00,0.00,0.00,0.00,0.00,0.00,,,"000000",0,0,,"Accepted",0,0,,,0
1390,90,10,141,243,0,0,0,0,0,0,,0,,0,0,,,0,$30.00,2/10/2026 0:00:00,"0",0,0,,0,1,,"?",82,28,"000000","000000","000000",0,0,0,0,0,$30.00,0.00,0.00,0.00,0.00,0.00,0.00,0.00,0.00,0.00,,,"000000",0,0,,"Accepted",0,0,,,0
1406,129,10,145,247,0,0,0,0,0,0,,0,,0,0,,,0,$30.00,2/10/2026 0:00:00,"0",0,0,,0,1,,"?",106,36,"000000","000000","000000",0,0,0,0,0,$30.00,0.00,0.00,0.00,0.00,0.00,0.00,0.00,0.00,0.00,,,"000000",0,0,,"Accepted",0,0,,,0
1408,122,10,163,248,0,0,0,0,0,0,,0,,0,0,,,0,$30.00,2/10/2026 0:00:00,"0",0,0,,0,1,,"?",95,36,"000000","000000","000000",0,0,0,0,0,$30.00,0.00,0.00,0.00,0.00,0.00,0.00,0.00,0.00,0.00,,,"000000",0,0,,"Accepted",0,0,,,0
1409,122,10,159,248,0,0,0,0,0,0,,0,,0,0,,,0,$30.00,2/10/2026 0:00:00,"0",0,0,,0,1,,"?",95,36,"000000","000000","000000",0,0,0,0,0,$30.00,0.00,0.00,0.00,0.00,0.00,0.00,0.00,0.00,0.00,,,"000000",0,0,,"Accepted",0,0,,,0
1410,122,10,142,248,0,0,0,0,0,0,,0,,0,0,,,0,$30.00,2/10/2026 0:00:00,"0",0,0,,0,1,,"?",95,28,"000000","000000","000000",0,0,0,0,0,$30.00,0.00,0.00,0.00,0.00,0.00,0.00,0.00,0.00,0.00,,,"000000",0,0,,"Accepted",0,0,,,0
1411,131,10,153,249,0,0,0,0,0,0,,0,,0,0,,,0,$30.00,2/10/2026 0:00:00,"0",0,0,,0,1,,"?",108,36,"000000","000000","000000",0,0,0,0,0,$30.00,0.00,0.00,0.00,0.00,0.00,0.00,0.00,0.00,0.00,,,"000000",0,0,,"Accepted",0,0,,,0
1412,131,10,143,249,0,0,0,0,0,0,,0,,0,0,,,0,$30.00,2/10/2026 0:00:00,"0",0,0,,0,1,,"?",108,28,"000000","000000","000000",0,0,0,0,0,$30.00,0.00,0.00,0.00,0.00,0.00,0.00,0.00,0.00,0.00,,,"000000",0,0,,"Accepted",0,0,,,0
1413,132,10,161,250,0,0,0,0,0,0,,0,,0,0,,,0,$30.00,2/10/2026 0:00:00,"0",0,0,,0,1,,"?",90,36,"000000","000000","000000",0,0,0,0,0,$30.00,0.00,0.00,0.00,0.00,0.00,0.00,0.00,0.00,0.00,,,"000000",0,0,,"Accepted",0,0,,,0
1414,132,10,157,250,0,0,0,0,0,0,,0,,0,0,,,0,$30.00,2/10/2026 0:00:00,"0",0,0,,0,1,,"?",90,36,"000000","000000","000000",0,0,0,0,0,$30.00,0.00,0.00,0.00,0.00,0.00,0.00,0.00,0.00,0.00,,,"000000",0,0,,"Accepted",0,0,,,0
1416,132,10,140,250,0,0,0,0,0,0,,0,,0,0,,,0,$30.00,2/10/2026 0:00:00,"0",0,0,,0,1,,"?",90,28,"000000","000000","000000",0,0,0,0,0,$30.00,0.00,0.00,0.00,0.00,0.00,0.00,0.00,0.00,0.00,,,"000000",0,0,,"Accepted",0,0,,,0
1418,129,10,155,247,0,0,0,0,0,0,,0,,0,0,,,0,$30.00,2/10/2026 0:00:00,"0",0,0,,0,1,,"?",106,36,"000000","000000","000000",0,0,0,0,0,$30.00,0.00,0.00,0.00,0.00,0.00,0.00,0.00,0.00,0.00,,,"000000",0,0,,"Accepted",0,0,,,0
1420,103,10,153,251,0,0,0,0,0,0,,0,,0,0,,,0,$30.00,2/10/2026 0:00:00,"0",0,0,,0,1,,"?",52,36,"000000","000000","000000",0,0,0,0,0,$30.00,0.00,0.00,0.00,0.00,0.00,0.00,0.00,0.00,0.00,,,"000000",0,0,,"Accepted",0,0,,,0
1421,103,10,143,251,0,0,0,0,0,0,,0,,0,0,,,0,$30.00,2/10/2026 0:00:00,"0",0,0,,0,1,,"?",52,28,"000000","000000","000000",0,0,0,0,0,$30.00,0.00,0.00,0.00,0.00,0.00,0.00,0.00,0.00,0.00,,,"000000",0,0,,"Accepted",0,0,,,0
1422,104,10,153,252,0,0,0,0,0,0,,0,,0,0,,,0,$30.00,2/10/2026 0:00:00,"0",0,0,,0,1,,"?",52,36,"000000","000000","000000",0,0,0,0,0,$30.00,0.00,0.00,0.00,0.00,0.00,0.00,0.00,0.00,0.00,,,"000000",0,0,,"Accepted",0,0,,,0
1423,104,10,143,252,0,0,0,0,0,0,,0,,0,0,,,0,$30.00,2/10/2026 0:00:00,"0",0,0,,0,1,,"?",52,28,"000000","000000","000000",0,0,0,0,0,$30.00,0.00,0.00,0.00,0.00,0.00,0.00,0.00,0.00,0.00,,,"000000",0,0,,"Accepted",0,0,,,0
1425,152,10,153,253,0,0,0,0,0,0,,0,,0,0,,,0,$30.00,2/10/2026 0:00:00,"0",0,0,,0,1,,"?",119,36,"000000","000000","000000",0,0,0,0,0,$30.00,0.00,0.00,0.00,0.00,0.00,0.00,0.00,0.00,0.00,,,"000000",0,0,,"Accepted",0,0,,,0
1426,152,10,143,253,0,0,0,0,0,0,,0,,0,0,,,0,$30.00,2/10/2026 0:00:00,"0",0,0,,0,1,,"?",119,28,"000000","000000","000000",0,0,0,0,0,$30.00,0.00,0.00,0.00,0.00,0.00,0.00,0.00,0.00,0.00,,,"000000",0,0,,"Accepted",0,0,,,0
1427,151,10,153,254,0,0,0,0,0,0,,0,,0,0,,,0,$30.00,2/10/2026 0:00:00,"0",0,0,,0,1,,"?",119,36,"000000","000000","000000",0,0,0,0,0,$30.00,0.00,0.00,0.00,0.00,0.00,0.00,0.00,0.00,0.00,,,"000000",0,0,,"Accepted",0,0,,,0
1428,151,10,143,254,0,0,0,0,0,0,,0,,0,0,,,0,$30.00,2/10/2026 0:00:00,"0",0,0,,0,1,,"?",119,28,"000000","000000","000000",0,0,0,0,0,$30.00,0.00,0.00,0.00,0.00,0.00,0.00,0.00,0.00,0.00,,,"000000",0,0,,"Accepted",0,0,,,0
1430,153,10,153,255,0,0,0,0,0,0,,0,,0,0,,,0,$30.00,2/10/2026 0:00:00,"0",0,0,,0,1,,"?",119,36,"000000","000000","000000",0,0,0,0,0,$30.00,0.00,0.00,0.00,0.00,0.00,0.00,0.00,0.00,0.00,,,"000000",0,0,,"Accepted",0,0,,,0
1431,153,10,143,255,0,0,0,0,0,0,,0,,0,0,,,0,$30.00,2/10/2026 0:00:00,"0",0,0,,0,1,,"?",119,28,"000000","000000","000000",0,0,0,0,0,$30.00,0.00,0.00,0.00,0.00,0.00,0.00,0.00,0.00,0.00,,,"000000",0,0,,"Accepted",0,0,,,0
1433,154,10,153,256,0,0,0,0,0,0,,0,,0,0,,,0,$30.00,2/10/2026 0:00:00,"0",0,0,,0,1,,"?",42,36,"000000","000000","000000",0,0,0,0,0,$30.00,0.00,0.00,0.00,0.00,0.00,0.00,0.00,0.00,0.00,,,"000000",0,0,,"Accepted",0,0,,,0
1434,154,10,143,256,0,0,0,0,0,0,,0,,0,0,,,0,$30.00,2/10/2026 0:00:00,"0",0,0,,0,1,,"?",42,28,"000000","000000","000000",0,0,0,0,0,$30.00,0.00,0.00,0.00,0.00,0.00,0.00,0.00,0.00,0.00,,,"000000",0,0,,"Accepted",0,0,,,0
1436,155,10,153,257,0,0,0,0,0,0,,0,,0,0,,,0,$30.00,2/10/2026 0:00:00,"0",0,0,,0,1,,"?",121,36,"000000","000000","000000",0,0,0,0,0,$30.00,0.00,0.00,0.00,0.00,0.00,0.00,0.00,0.00,0.00,,,"000000",0,0,,"Accepted",0,0,,,0
1437,155,10,143,257,0,0,0,0,0,0,,0,,0,0,,,0,$30.00,2/10/2026 0:00:00,"0",0,0,,0,1,,"?",121,28,"000000","000000","000000",0,0,0,0,0,$30.00,0.00,0.00,0.00,0.00,0.00,0.00,0.00,0.00,0.00,,,"000000",0,0,,"Accepted",0,0,,,0
1439,157,10,153,258,0,0,0,0,0,0,,0,,0,0,,,0,$30.00,2/10/2026 0:00:00,"0",0,0,,0,1,,"?",122,36,"000000","000000","000000",0,0,0,0,0,$30.00,0.00,0.00,0.00,0.00,0.00,0.00,0.00,0.00,0.00,,,"000000",0,0,,"Accepted",0,0,,,0
1440,157,10,143,258,0,0,0,0,0,0,,0,,0,0,,,0,$30.00,2/10/2026 0:00:00,"0",0,0,,0,1,,"?",122,28,"000000","000000","000000",0,0,0,0,0,$30.00,0.00,0.00,0.00,0.00,0.00,0.00,0.00,0.00,0.00,,,"000000",0,0,,"Accepted",0,0,,,0
1442,158,10,153,259,0,0,0,0,0,0,,0,,0,0,,,0,$30.00,2/10/2026 0:00:00,"0",0,0,,0,1,,"?",123,36,"000000","000000","000000",0,0,0,0,0,$30.00,0.00,0.00,0.00,0.00,0.00,0.00,0.00,0.00,0.00,,,"000000",0,0,,"Accepted",0,0,,,0
1443,158,10,143,259,0,0,0,0,0,0,,0,,0,0,,,0,$30.00,2/10/2026 0:00:00,"0",0,0,,0,1,,"?",123,28,"000000","000000","000000",0,0,0,0,0,$30.00,0.00,0.00,0.00,0.00,0.00,0.00,0.00,0.00,0.00,,,"000000",0,0,,"Accepted",0,0,,,0
1445,159,10,153,260,0,0,0,0,0,0,,0,,0,0,,,0,$30.00,2/10/2026 0:00:00,"0",0,0,,0,1,,"?",124,36,"000000","000000","000000",0,0,0,0,0,$30.00,0.00,0.00,0.00,0.00,0.00,0.00,0.00,0.00,0.00,,,"000000",0,0,,"Accepted",0,0,,,0
1446,159,10,143,260,0,0,0,0,0,0,,0,,0,0,,,0,$30.00,2/10/2026 0:00:00,"0",0,0,,0,1,,"?",124,28,"000000","000000","000000",0,0,0,0,0,$30.00,0.00,0.00,0.00,0.00,0.00,0.00,0.00,0.00,0.00,,,"000000",0,0,,"Accepted",0,0,,,0
1448,160,10,153,261,0,0,0,0,0,0,,0,,0,0,,,0,$30.00,2/10/2026 0:00:00,"0",0,0,,0,1,,"?",125,36,"000000","000000","000000",0,0,0,0,0,$30.00,0.00,0.00,0.00,0.00,0.00,0.00,0.00,0.00,0.00,,,"000000",0,0,,"Accepted",0,0,,,0
1449,160,10,143,261,0,0,0,0,0,0,,0,,0,0,,,0,$30.00,2/10/2026 0:00:00,"0",0,0,,0,1,,"?",125,28,"000000","000000","000000",0,0,0,0,0,$30.00,0.00,0.00,0.00,0.00,0.00,0.00,0.00,0.00,0.00,,,"000000",0,0,,"Accepted",0,0,,,0
1451,161,10,153,262,0,0,0,0,0,0,,0,,0,0,,,0,$30.00,2/10/2026 0:00:00,"0",0,0,,0,1,,"?",126,36,"000000","000000","000000",0,0,0,0,0,$30.00,0.00,0.00,0.00,0.00,0.00,0.00,0.00,0.00,0.00,,,"000000",0,0,,"Accepted",0,0,,,0
1452,161,10,143,262,0,0,0,0,0,0,,0,,0,0,,,0,$30.00,2/10/2026 0:00:00,"0",0,0,,0,1,,"?",126,28,"000000","000000","000000",0,0,0,0,0,$30.00,0.00,0.00,0.00,0.00,0.00,0.00,0.00,0.00,0.00,,,"000000",0,0,,"Accepted",0,0,,,0
1453,86,10,153,263,0,0,0,0,0,0,,0,,0,0,,,0,$30.00,2/10/2026 0:00:00,"0",0,0,,0,1,,"?",23,36,"000000","000000","000000",0,0,0,0,0,$30.00,0.00,0.00,0.00,0.00,0.00,0.00,0.00,0.00,0.00,,,"000000",0,0,,"Accepted",0,0,,,0
1454,86,10,143,263,0,0,0,0,0,0,,0,,0,0,,,0,$30.00,2/10/2026 0:00:00,"0",0,0,,0,1,,"?",23,28,"000000","000000","000000",0,0,0,0,0,$30.00,0.00,0.00,0.00,0.00,0.00,0.00,0.00,0.00,0.00,,,"000000",0,0,,"Accepted",0,0,,,0
1456,162,10,153,264,0,0,0,0,0,0,,0,,0,0,,,0,$30.00,2/10/2026 0:00:00,"0",0,0,,0,1,,"?",127,36,"000000","000000","000000",0,0,0,0,0,$30.00,0.00,0.00,0.00,0.00,0.00,0.00,0.00,0.00,0.00,,,"000000",0,0,,"Accepted",0,0,,,0
1457,162,10,143,264,0,0,0,0,0,0,,0,,0,0,,,0,$30.00,2/10/2026 0:00:00,"0",0,0,,0,1,,"?",127,28,"000000","000000","000000",0,0,0,0,0,$30.00,0.00,0.00,0.00,0.00,0.00,0.00,0.00,0.00,0.00,,,"000000",0,0,,"Accepted",0,0,,,0
1459,163,10,143,265,0,0,0,0,0,0,,0,,0,0,,,0,$30.00,2/10/2026 0:00:00,"0",0,0,,0,1,,"?",128,28,"000000","000000","000000",0,0,0,0,0,$30.00,0.00,0.00,0.00,0.00,0.00,0.00,0.00,0.00,0.00,,,"000000",0,0,,"Accepted",0,0,,,0
1460,163,10,153,265,0,0,0,0,0,0,,0,,0,0,,,0,$30.00,2/10/2026 0:00:00,"0",0,0,,0,1,,"?",128,36,"000000","000000","000000",0,0,0,0,0,$30.00,0.00,0.00,0.00,0.00,0.00,0.00,0.00,0.00,0.00,,,"000000",0,0,,"Accepted",0,0,,,0
